	logFC	AveExpr	t	P.Value	adj.P.Val	B
9652	-3.8857250671581	11.5425182826583	-12.8387272604121	1.35391033094407e-16	9.6992716883545e-13	26.9504398717544
10252	-3.57477028373392	10.8239459529066	-12.7473656127241	1.74212333872555e-16	9.6992716883545e-13	26.7195604427298
1100	-1.12934183034089	9.2176075273861	-10.613027165227	8.52871492292238e-14	3.02692233263104e-10	20.9798080196223
6436	-2.3516347273452	6.44936373946355	-10.533249211284	1.08735422815664e-13	3.02692233263104e-10	20.7523393404076
3725	-2.98052185744398	9.56162872861719	-9.9340762957574	6.91626606537504e-13	1.54025245275902e-09	19.0146970208979
5582	-3.61245868964567	9.45112729238004	-9.58815419187133	2.05411722436231e-12	3.81209921554572e-09	17.9884626760471
2315	0.582084477479366	8.62600672861766	9.42819124030795	3.4148622100825e-12	5.4320701013241e-09	17.5083678774638
9756	-1.96608613513943	7.50097233493322	-9.15952270386069	8.0740601997191e-12	1.1238082540484e-08	16.694351513451
4800	-1.11175146942402	6.85995000791433	-8.90664127353943	1.82868452765018e-11	2.26248913504275e-08	15.9196543975762
4673	-0.530912734028566	6.1776410169767	-8.42227768365437	8.92476742628645e-11	9.93772852916996e-08	14.4140722754232
8135	-1.75563647206848	8.63516672341598	-8.161898546732	2.11314446914196e-10	2.13907851489961e-07	13.5937721518754
6308	-1.17153993179487	5.12059110586656	-7.96099275416562	4.12673210833344e-10	3.82926350219107e-07	12.9560750492186
10713	-2.33322632105889	8.27082385762546	-7.92883049182249	4.59494487542926e-10	3.93574701445421e-07	12.8536260249509
1850	0.968704749093426	10.0851001995918	7.78228688806993	7.50603647930162e-10	5.96997972835883e-07	12.3856294104837
2308	-2.01191507647081	7.36580177738354	-7.74328802368949	8.55567441624553e-10	6.35116230832627e-07	12.2607637271645
7714	0.962720741984606	9.32508769114242	7.64216646073165	1.20192641970079e-09	8.36465667710519e-07	11.9363980145969
6068	1.61089333314728	8.40256900814821	7.58929541146486	1.43612057987665e-09	9.40658979819203e-07	11.7664737190631
9616	1.57420044256016	9.32820702216882	7.511260557179	1.86833492839836e-09	1.15577274598421e-06	11.5152784656015
2869	0.910954410599214	6.86605979343794	7.453778312148	2.2684891687296e-09	1.30659332584583e-06	11.3299525795693
5511	-0.691145766762886	6.26742124284548	-7.43177888165675	2.44352747591004e-09	1.30659332584583e-06	11.2589625385294
4323	-0.565459790994956	9.19068961687616	-7.42929038960911	2.46416343446453e-09	1.30659332584583e-06	11.2509302739015
1633	-2.03192289624976	10.3664682863764	-7.36172445744321	3.09668539788445e-09	1.54357663674742e-06	11.0326810083639
4478	-1.32091731290525	9.05899606747528	-7.34655363341014	3.25981829021316e-09	1.54357663674742e-06	10.9836346114734
10670	-2.28404460940368	9.61531274967951	-7.34052907088075	3.32697254440396e-09	1.54357663674742e-06	10.9641533701618
5388	2.74935787841881	6.72173386721758	7.31327099622814	3.64862059640421e-09	1.62509561363843e-06	10.8759814001831
7941	0.840062265860064	7.44644576070097	7.27217085603568	4.19368398698778e-09	1.7960258151965e-06	10.7429456360542
6960	0.852997501719664	8.62165662254273	7.25763960837123	4.4053856161086e-09	1.81681366056923e-06	10.6958849994634
204	-2.08622596856085	8.96899921778699	-7.20985691625077	5.18022689880417e-09	2.0600652327923e-06	10.5410481132537
2860	0.623809664706068	7.74720942338571	7.1698030195082	5.93432946686513e-09	2.27857788322563e-06	10.4111546163708
7221	-0.894533279903679	7.97411339095258	-7.15112380786112	6.32279259692863e-09	2.34680985222668e-06	10.3505481100306
2629	-1.3564704858322	6.66604659542801	-7.10199857538387	7.47076285013306e-09	2.6834498172978e-06	10.1910678204528
7056	-1.77892715787003	8.76061810225084	-7.03953397600208	9.23770824104439e-09	3.21443378950091e-06	9.98810630307963
7274	0.566398166530197	8.27028948041449	6.9838229615488	1.11649160918343e-08	3.76731335401744e-06	9.80693387750424
9630	-0.391920881119529	8.54717810648358	-6.95687089593296	1.22373018401636e-08	4.00771635265358e-06	9.71923677295473
10874	-1.12689851253266	6.66388172991983	-6.9183186390589	1.39533712331056e-08	4.43916539087518e-06	9.5937427409496
6643	-0.834610918679213	8.20465987368008	-6.90203864132327	1.4748689721069e-08	4.56185166789176e-06	9.54073106388287
2404	2.91492728550493	8.1302729745666	6.88525931206014	1.56160148164716e-08	4.69957635084895e-06	9.48608297695118
5427	2.29777514616986	8.76832644811535	6.83605260583514	1.84658837258574e-08	5.32715797764332e-06	9.32576499123204
8613	-1.51626649207075	9.53232488798019	-6.8330117874443	1.86582093514225e-08	5.32715797764332e-06	9.31585513024304
8571	-1.07377928596545	7.26280119001827	-6.8161860313952	1.97592833980106e-08	5.50049051592121e-06	9.26101546432278
7828	-0.824593586971638	5.98572232754292	-6.76216534989575	2.37542888909282e-08	6.45131723903624e-06	9.0848885530088
1784	0.559641095412165	6.66963582585796	6.73766709212672	2.58237542771424e-08	6.80612152053384e-06	9.00498796960371
7377	1.27703435833666	10.3976561699935	6.73249577449562	2.62831814443606e-08	6.80612152053384e-06	8.98811978895599
6030	-1.33892476955587	5.74632743441735	-6.72108495607315	2.73261172754631e-08	6.91537081505186e-06	8.95089674211607
3569	-1.68229161143559	5.53402396386705	-6.6856329792134	3.08384090665865e-08	7.27766174638256e-06	8.83522935604388
9549	1.74098697296589	8.43106207720298	6.68265900225208	3.11528475290814e-08	7.27766174638256e-06	8.82552500202057
10872	1.51435458097913	10.4372729234677	6.68106328234805	3.13228847748685e-08	7.27766174638256e-06	8.82031794478819
1931	-0.894079799034284	8.50319413302727	-6.68060351753982	3.1372048839368e-08	7.27766174638256e-06	8.81881765762982
4674	0.720790900387112	6.62781483416807	6.64259422012008	3.57156562346354e-08	8.116200656585e-06	8.69477198862321
10753	-1.57459411825235	8.03736970120701	-6.62784557528376	3.75589683019984e-08	8.2401013771759e-06	8.64663134404841
5391	-1.47783233190644	5.41020187580867	-6.62642923828159	3.77409223382102e-08	8.2401013771759e-06	8.64200811169449
3745	-1.24083657734934	7.40740632578633	-6.56543937250358	4.64734361298034e-08	9.95157137125693e-06	8.44289352999478
7861	-0.969052341537529	9.13304296106607	-6.54255950051166	5.02481366024271e-08	1.05568490767552e-05	8.36818409526789
5536	-0.862865676199792	6.09574590088627	-6.53337959312118	5.18475374748819e-08	1.06911542552372e-05	8.33820737676732
1359	0.799826556169595	7.76469852791121	6.5250901165668	5.33355328289421e-08	1.07980210554595e-05	8.31113760027983
5019	0.904274060370506	8.17662253577313	6.49613390341605	5.88767588268283e-08	1.17070126702988e-05	8.21657458838375
7831	-0.795738442280119	8.79054020681399	-6.47820616243717	6.25925749800861e-08	1.20006439640615e-05	8.15802443486897
7188	1.7174937377653	7.39434314612251	6.47402712966161	6.34919391199914e-08	1.20006439640615e-05	8.1443758699189
10243	-1.51854513275397	7.28045338246612	-6.47359022519919	6.35867080269085e-08	1.20006439640615e-05	8.14294895089584
10853	1.6088517658488	8.39527928660605	6.45179537829572	6.84982750754447e-08	1.27121382160846e-05	8.07176641589469
4392	0.73879500652456	8.36716391643746	6.43828835433053	7.17307989929325e-08	1.27802863064687e-05	8.02765127047294
8672	0.597969861494692	7.16757033820897	6.43824046601432	7.17425269923977e-08	1.27802863064687e-05	8.02749486211803
4310	0.589370720810819	5.91971538930918	6.43593766518433	7.23087595246993e-08	1.27802863064687e-05	8.0199736628785
6104	3.19118571435127	6.81698848208346	6.42037302151052	7.62549242346862e-08	1.32671653336442e-05	7.96913760755643
8963	1.09458281449253	7.50207269288887	6.41119335603438	7.86825117964111e-08	1.3478919520816e-05	7.93915558372
6997	0.662402892291065	9.29011049921547	6.39706315144597	8.25711833973228e-08	1.38795249924407e-05	7.89300447200274
5769	0.593740625397009	9.33501607770572	6.39373758643216	8.35139806460283e-08	1.38795249924407e-05	7.88214276723263
1876	-0.75215204033076	6.49909110161453	-6.37720093625039	8.83643886277815e-08	1.44696686377992e-05	7.82813235751561
5339	2.32199763329259	5.86729669374593	6.36000467313662	9.37072169843097e-08	1.5122171900294e-05	7.7719684703115
9558	2.06238627411181	8.98813550979981	6.33861842888106	1.00804592723621e-07	1.60351305711075e-05	7.70212181126584
8660	0.810386791731079	8.41178441128459	6.30034092318464	1.14875573906129e-07	1.80160495133063e-05	7.57711684443157
7090	-1.84055671813428	6.3946631134462	-6.26327179614949	1.3037024806901e-07	2.01621210034504e-05	7.45607184445137
7162	-0.458574655570194	8.72703112472326	-6.25028547487654	1.36278617679849e-07	2.0787156272125e-05	7.4136705493164
22	0.613524116439269	5.49023871338592	6.23443613678811	1.43853177038299e-07	2.16460152205603e-05	7.36192460255617
6061	2.23435101665734	9.1872265960172	6.22161354954441	1.50287851618068e-07	2.23127363702291e-05	7.32006348556247
8298	-2.303916519631	7.5452013674164	-6.20767496124716	1.57609036983771e-07	2.30917977212407e-05	7.27456221346072
6382	-1.59793796219598	7.31078599621248	-6.20007166951362	1.61751667258347e-07	2.33909716223597e-05	7.24974343527054
7632	-1.08815550286078	8.14128524043493	-6.17009615962139	1.79170516963988e-07	2.55777398255641e-05	7.15190805796939
278	0.523319012084641	5.67237981588728	6.15446828848729	1.88982265240782e-07	2.64169487446675e-05	7.1009087686897
10557	-2.23023113891483	5.62661573413878	-6.15321191596713	1.89793973917683e-07	2.64169487446675e-05	7.09680902242584
3449	-0.686118686295334	9.60357804792359	-6.14918755783734	1.92417505237343e-07	2.64514681582447e-05	7.0836771431028
10977	0.985616605230863	7.313744124736	6.12473991289851	2.09151484340317e-07	2.84012411967003e-05	7.00391059573434
7321	0.423295146950486	5.80507146435527	6.11830437391598	2.13793002445358e-07	2.86817479786634e-05	6.98291559254531
5295	0.570024836770216	10.184625956743	6.11028275401524	2.19722625987626e-07	2.91263266710979e-05	6.95674779343071
10262	-1.49884418853692	7.05392253520213	-6.09472256949894	2.31696743449081e-07	3.03522733918296e-05	6.90599311531463
9267	-1.09437406184664	5.94921948154712	-6.08601016322585	2.38683347724404e-07	3.05598176541e-05	6.8775777866322
969	0.726646359415864	6.16222200578887	6.08590369098812	2.38770016695708e-07	3.05598176541e-05	6.87723054364435
8954	0.99536635066187	5.50562243981462	6.07634100046947	2.46683526235369e-07	3.12138757344413e-05	6.84604468768875
7207	-0.572743674131135	5.9621557774384	-6.0631363751889	2.58042751329637e-07	3.22843374837698e-05	6.80298642461639
7991	0.507546409833842	8.35794147910803	6.05757802016044	2.62978981415931e-07	3.23929759483544e-05	6.78486314941404
1276	-0.601307522815745	6.01891743763704	-6.0529921837525	2.671223749676e-07	3.23929759483544e-05	6.76991157944071
359	0.916958747690335	8.3589280776391	6.05081740855065	2.69110027039438e-07	3.23929759483544e-05	6.76282122971553
478	-0.557883795578549	7.8754001482091	-6.04925453416792	2.70547531495012e-07	3.23929759483544e-05	6.75772593838873
6667	-1.16422582459572	7.91824286339958	-5.96758051338607	3.57361073430101e-07	4.23320803472785e-05	6.49157544498917
7736	-0.473048763129032	6.89521251062929	-5.93940960613749	3.93343110781118e-07	4.6079131934931e-05	6.39983723311518
7347	-0.425107515030397	7.80642797201308	-5.93593468717083	3.98024646375356e-07	4.6079131934931e-05	6.38852362334341
7491	1.76677596434208	6.62702751792427	5.93344876941061	4.01407795032628e-07	4.6079131934931e-05	6.38043032977828
5610	-0.56998740983949	6.81647075046889	-5.91370711135585	4.29312158673899e-07	4.87794988452435e-05	6.31616839616254
8582	-1.54581609664272	8.89441876936385	-5.90384470242688	4.4396811535271e-07	4.99352016611356e-05	6.28407173422882
6974	-1.63036555696789	9.71513909743336	-5.89704595839048	4.54360547483256e-07	5.05930469622605e-05	6.26194834758516
1689	0.894077855215362	9.03577506073161	5.88954624416036	4.66105784445252e-07	5.13870090078998e-05	6.23754662307659
9707	-2.73850351718841	12.2467191773292	-5.88008769412423	4.81350911640991e-07	5.25474745208082e-05	6.20677548696212
5107	-0.921463357464733	4.92381365845508	-5.87564503509919	4.88681953591909e-07	5.28298403227758e-05	6.19232392984322
6296	1.58050538645349	6.61078111079607	5.86286417096746	5.10398268983855e-07	5.43157662877608e-05	6.15075468187952
8096	0.740201239046833	6.57663253344792	5.86183810923509	5.12182798402773e-07	5.43157662877608e-05	6.14741782972078
9075	0.720939288830095	7.1462553946968	5.85501560935915	5.24207565048991e-07	5.50665211020803e-05	6.12523182682185
6649	1.03272730606029	5.86577346408455	5.84425576708089	5.43745797595843e-07	5.65851351049506e-05	6.09024713623271
10903	0.41606676419518	7.05124703963119	5.83779348501802	5.55827122213822e-07	5.71380331276585e-05	6.06923864145425
1441	-0.442514753697268	7.85967519968806	-5.83595037852058	5.59321563620545e-07	5.71380331276585e-05	6.063247236985
5435	0.60142709188623	8.48180033788153	5.82736581639992	5.7588788743957e-07	5.77512078629565e-05	6.03534382999206
6837	-0.562718385532141	11.3906127692002	-5.82436667704123	5.81789983915915e-07	5.77512078629565e-05	6.02559636036973
864	-1.89392443418852	9.07517560221329	-5.8233451195577	5.83814056618598e-07	5.77512078629565e-05	6.0222763249879
9111	0.579758897569255	11.6104200838082	5.82221081648443	5.86069734038086e-07	5.77512078629565e-05	6.01858993941448
1032	-0.574757644088279	6.31568577174328	-5.79047065711308	6.52830493581622e-07	6.37655047897488e-05	5.91546774292379
3331	-0.300225536189176	6.97412848454549	-5.74587952898268	7.59592119253146e-07	7.35483325902937e-05	5.77069786681453
4162	-1.04461258150663	6.77529693581818	-5.73393517243564	7.91028512098374e-07	7.59319179501327e-05	5.73194106896725
10221	0.579428695705502	5.98962541136291	5.73064516028145	7.9991260653246e-07	7.61284348182816e-05	5.7212673833943
1534	0.422254534545951	7.34927665200111	5.70481749462291	8.73192246006947e-07	8.23982682990453e-05	5.63750122458541
6205	-1.57061334317145	7.83553245570543	-5.68769168863054	9.25425795358587e-07	8.65934137085535e-05	5.5819833976163
60	-0.345578137751863	4.69720798038507	-5.67687953863445	9.59990891580007e-07	8.85375628827181e-05	5.54694387232093
7006	-0.446042173014654	4.65913550750409	-5.67623069138498	9.62105532897071e-07	8.85375628827181e-05	5.54484139042432
349	-0.310577124654161	7.98516340856183	-5.65817134052797	1.0228572972673e-06	9.33566885661586e-05	5.48633564754704
8481	0.569671111226581	5.73969105492578	5.65320466487357	1.04022383228709e-06	9.34454317734589e-05	5.47024973436695
2020	1.23376295487943	8.26341837638795	5.65309411484881	1.04061369913865e-06	9.34454317734589e-05	5.46989170983987
10465	-0.648662151202759	6.82006810894939	-5.63539769281536	1.10493194776119e-06	9.84273379065668e-05	5.41259268978381
2451	-0.511539701371973	7.21197463904049	-5.62772117248042	1.13404704343878e-06	0.000100219157370562	5.38774459942885
7385	0.553606452779417	6.74843139040808	5.61821380611876	1.17116500076199e-06	0.00010240604084266	5.35697675361879
8719	0.311174196969611	4.57928109278926	5.61669971376974	1.1771866392331e-06	0.00010240604084266	5.35207750111312
7653	-1.38718622956539	9.52435840175244	-5.59417932417863	1.27047006520276e-06	0.000109664218418858	5.27922882663699
9818	-2.06327030530023	10.4663824175876	-5.5825720341406	1.32138112907652e-06	0.000113181375940516	5.24169816069327
10104	0.298567164532263	4.01315084160053	5.55473406311739	1.45189125451383e-06	0.000123242663432433	5.15173465271959
6818	1.84149077360937	8.36438563692466	5.55076081525888	1.47153426271892e-06	0.000123242663432433	5.13889988898099
10391	-0.588178214063048	6.71869209362147	-5.55065725200217	1.47204977427154e-06	0.000123242663432433	5.13856536777822
9683	0.791412624664965	6.63779312783669	5.53161579014439	1.56994636469023e-06	0.000130457856498699	5.07707557343937
4543	1.94846078262631	7.117602574442	5.52659305000671	1.59682963586241e-06	0.000131708874039466	5.06086131708543
2750	1.03722959105602	5.45865975892753	5.52416400757685	1.60999410467429e-06	0.000131818267320208	5.05302078506451
10928	1.57799802909185	6.33339674299592	5.51545445011686	1.65808853396917e-06	0.000134765079020049	5.02491230145376
10935	1.40256365274458	12.6003210350957	5.50155911034005	1.73778850370046e-06	0.000140219383976121	4.98008230896864
5308	1.46429806396912	9.78290995029244	5.48263588738089	1.85247509362377e-06	0.000148256947353371	4.91906053506955
1433	1.25797983816827	6.85228323943766	5.48079425232704	1.86402987242675e-06	0.000148256947353371	4.91312365173575
1644	-0.432029240634324	5.70043110567444	-5.47233061735997	1.91805880820895e-06	0.000151472232832671	4.88584366715521
4963	0.570304432373457	9.76898827751442	5.46248129993933	1.98289254774578e-06	0.000155489496613727	4.85410622787446
3704	-1.37344540249426	10.7523706048554	-5.44560508327691	2.0990746359153e-06	0.000163448923572845	4.7997485497593
4453	1.05189304495935	7.85540022394206	5.44202095139279	2.12460537094183e-06	0.00016428806114887	4.7882079009423
6970	-0.454904425588363	6.40261697403279	-5.43429613676819	2.18068346722134e-06	0.000167461451086274	4.76333901970197
6150	0.999619035828564	7.53715498001449	5.41646493034003	2.31579698850274e-06	0.000176619174431356	4.70595772618308
6526	-0.625192538373366	9.99020284912948	-5.40755574532549	2.38638324213715e-06	0.000180764472116987	4.67730024471995
9648	0.469128997639957	6.84508661310734	5.40269047475656	2.42582656623267e-06	0.000182510667668924	4.66165407234173
143	-1.796272482981	8.48629045791991	-5.38972138498414	2.5341549971234e-06	0.000189381314717913	4.61995934724692
6181	0.526653019257434	7.30897372523455	5.36314643403976	2.77133763014424e-06	0.000204638173469975	4.53458021498444
8685	-1.07763598124043	6.49575404604025	-5.36274690367396	2.77506638472979e-06	0.000204638173469975	4.53329721578628
4735	-1.03560556438148	8.80164667932354	-5.35960123825691	2.80459862097455e-06	0.000205455300293103	4.52319626711894
2855	-0.833895555550017	8.54014542587972	-5.35762590015573	2.82330255592321e-06	0.000205473686014411	4.51685389011627
6091	-0.448866531906152	5.54252659822511	-5.35400953604783	2.85786583297143e-06	0.000206638545780109	4.50524368196338
6523	0.673607185465625	8.31795026345122	5.34369462194365	2.95877105725251e-06	0.000212554294983914	4.47213619048822
10214	0.35568155210363	5.65857934196911	5.33728969638373	3.02319556089753e-06	0.000215790272888423	4.45158461796291
3920	-0.563067428636766	6.03311717472839	-5.32683950531169	3.13130668308191e-06	0.00022208343895616	4.4180631466089
10467	-0.496879808514579	7.77940321304267	-5.31803103747642	3.22540237051013e-06	0.000227309211364749	4.3898178116844
8945	-0.63779714933099	8.17476392580773	-5.31351979744098	3.27467259908109e-06	0.000229330059061434	4.37535556193972
6301	0.784674391857131	7.54730212689961	5.29270853107405	3.51179379108375e-06	0.000244398899148235	4.30866975201849
9804	0.419090656645766	6.77556290585159	5.28749277091997	3.57383919604101e-06	0.000247172046260352	4.29196502630827
897	-1.07131330365962	5.49253783091782	-5.27862675999193	3.68180789222824e-06	0.000253067474567663	4.26357713496296
10058	-1.38479464396942	8.59483338453442	-5.27529556501674	3.72320409681136e-06	0.000254342807472359	4.25291355491528
1321	-0.917583630931854	7.67686934059158	-5.27035713562967	3.78542263287305e-06	0.000257016347664886	4.23710754300178
5280	-1.73506518802872	8.45280830908108	-5.26491319001764	3.85520356079108e-06	0.000260167828178235	4.21968708773825
3230	1.27797520597537	7.0844738945877	5.24057366008096	4.18309142852527e-06	0.000280594717208608	4.14184705944689
3514	1.41660410540929	7.88996322142449	5.23286033876851	4.29265085576845e-06	0.000284242148730862	4.11719495316038
7830	-0.874489998631143	7.68415606245647	-5.23141135736491	4.31354669952885e-06	0.000284242148730862	4.11256480460775
6179	-0.74690484353753	9.40025015977523	-5.23137668941236	4.31404787925601e-06	0.000284242148730862	4.11245402821247
1861	0.39006177065186	5.15756166568311	5.22296042385871	4.43743925476832e-06	0.000290535168754051	4.08556570576884
6564	-1.43744422814938	6.73762956907771	-5.22133001596342	4.46174349860285e-06	0.000290535168754051	4.08035794118387
1527	0.332846515024375	8.56632224009238	5.21840425167069	4.50568818157028e-06	0.000291690918033634	4.07101349070054
10174	-1.66324138816574	7.0426378201948	-5.21319376140463	4.58501237736408e-06	0.000295110478739589	4.05437476020187
703	-0.639219199504987	6.93234197271416	-5.20830579140325	4.66068212217302e-06	0.000298256870289636	4.03876920200919
5358	0.710089613695952	6.76263726793598	5.19144243873193	4.93134953183202e-06	0.000313774725925426	3.9849549652786
6111	0.542336174300919	6.82650496065565	5.18213708985031	5.08730492863335e-06	0.000321858752160979	3.95527621276876
2065	-0.549310366830451	7.43663144486908	-5.17609887087193	5.19110385194714e-06	0.00032606322486381	3.9360240578824
1583	0.361217265328186	7.66919213793404	5.17435770263569	5.22142230158695e-06	0.00032606322486381	3.93047347563111
9819	1.14998543270672	9.40399788858992	5.17169688687658	5.26809294745131e-06	0.00032606322486381	3.92199200165265
3805	-0.315860649364613	10.0871419367138	-5.17153805738738	5.27089182536917e-06	0.00032606322486381	3.92148575613952
1884	-0.398030951028391	7.40550300772548	-5.14625858652554	5.73563156069146e-06	0.000352426454539247	3.840955926534
2425	0.718377260543113	5.93348664457404	5.14497085370162	5.76036055017001e-06	0.000352426454539247	3.83685614966631
1824	0.526402634456267	8.88753982819146	5.13867904516529	5.88270936473503e-06	0.000357945184570079	3.81682819636446
9011	-1.35123351687717	8.69944247838825	-5.13342610665942	5.98682178363935e-06	0.000362300329134914	3.80011147440153
4682	0.682947038759649	9.93042242147558	5.11044862844249	6.46405694194282e-06	0.000389066346208288	3.72703570590594
9740	0.924402862577071	9.87573324655503	5.10622268917452	6.55583469656569e-06	0.000392468921216446	3.71360423408168
5853	0.430560981255118	6.10684473024428	5.10236826909773	6.64066619993856e-06	0.000393513755819622	3.70135586801455
2355	-0.878624970147104	4.96268746145162	-5.10221922372201	6.64396821680188e-06	0.000393513755819622	3.70088228375926
5001	0.51180105212189	5.84809435204182	5.09131561762643	6.8899842779421e-06	0.000405925793306271	3.66624555126258
4991	0.412785423774295	4.16644481074044	5.08616649865847	7.00927098008968e-06	0.000409760403626618	3.6498948590546
9467	0.247193372254978	9.32068889172893	5.08533732890188	7.02866969848981e-06	0.000409760403626618	3.64726225576309
2958	0.352390907447342	9.88030630989671	5.08006959447423	7.15315506156873e-06	0.00041436310351667	3.63053968120286
3276	-0.919001189869963	7.70357072266924	-5.07886000755525	7.18204570980847e-06	0.00041436310351667	3.62670040305873
4637	0.427963041856967	11.1773301792798	5.06450846618798	7.53375199703904e-06	0.000432414064366133	3.58116496454462
4724	0.69897023384974	7.47244672065096	5.05575782357426	7.75649282550731e-06	0.00044291562877961	3.55341584682067
2080	-0.435619324394086	8.58529668222262	-5.04505980739339	8.03765430073737e-06	0.000456628982850564	3.51950749317665
7995	-0.540572048520516	6.0442241024438	-5.03969714253007	8.18235738715719e-06	0.000462490099015204	3.50251673378108
3670	-0.452662568506386	6.39289123228387	-5.03773752629553	8.23587379667981e-06	0.000463163912757726	3.4963091213285
236	0.631790465484831	7.24510830354641	5.03361500601825	8.34958921729153e-06	0.000467199376555483	3.48325189698206
4370	1.51657259946951	8.18580701439224	5.01970104795873	8.74495711909679e-06	0.000484819882207129	3.43920216643112
4042	0.582480497654862	6.50220835427425	5.01947344499552	8.75157578119738e-06	0.000484819882207129	3.43848186168766
1108	0.796661308261814	5.99384804943196	5.01140768484798	8.98934678126933e-06	0.000495526615888287	3.41296116107125
4906	0.555653959436727	8.31232949653937	5.00676900632111	9.12896705971966e-06	0.00050074407985211	3.39828875069121
2037	0.51959922246899	6.03724758240819	5.00490219648963	9.18575855025887e-06	0.000501389320868297	3.39238490233396
4329	-0.681684371724712	5.82994600645901	-5.0033754342856	9.23246431833916e-06	0.000501480439925398	3.38755688500038
5913	0.493991556366298	7.95350058337983	4.9878435926138	9.72112743087416e-06	0.000521227972418574	3.33846273311513
2420	-0.251243472662984	3.85426477097597	-4.98722385654701	9.74114623979889e-06	0.000521227972418574	3.33650464576768
6527	-0.68004639897801	5.37268790667786	-4.98613441396356	9.77643623740449e-06	0.000521227972418574	3.33306265006276
10687	-1.66450435463852	8.80961172643934	-4.98592407679507	9.78326414328531e-06	0.000521227972418574	3.33239813121217
5412	0.368520940842232	8.76745519132148	4.98312841873083	9.87446414573577e-06	0.000522109940428486	3.32356649229957
6305	-0.961609669778093	5.42664287335467	-4.98254516562873	9.89359653618416e-06	0.000522109940428486	3.32172412585841
5003	-1.14699804268348	6.46293507643911	-4.98001576295695	9.97699241047271e-06	0.000524027407974593	3.31373495724783
4971	0.330481850701126	11.9884051217018	4.97231515438957	1.02351794242654e-05	0.000535064426709835	3.28941895867064
10168	0.736481937169237	8.12566966118514	4.96104911925271	1.06248263981449e-05	0.000550252797631078	3.25386232777779
8861	-0.824188599641899	7.76909438753851	-4.9597210948871	1.06717107467104e-05	0.000550252797631078	3.24967236511175
8570	0.987925783883884	5.45442263232589	4.95888704571433	1.07012601467015e-05	0.000550252797631078	3.24704106307388
6049	0.82445427368626	8.31081165961218	4.9581871065781	1.07261204563596e-05	0.000550252797631078	3.24483294890426
6076	-0.573398112798248	8.2444477853799	-4.9568772074207	1.07727983730198e-05	0.000550252797631078	3.24070080184129
5402	1.75487565311767	8.12275867607645	4.94940017494775	1.104310173504e-05	0.000561483734336396	3.21711966003502
8420	1.08027107984047	6.45144614412931	4.94596953757081	1.1169351413169e-05	0.000565321490843803	3.20630325743829
5531	0.324857507014498	5.91129051964192	4.94249636213201	1.12986163986593e-05	0.000567312541533612	3.19535478146517
8311	-0.46312664122967	7.96086611715962	-4.94217671805851	1.13105868181825e-05	0.000567312541533612	3.19434727240419
2316	0.613670572631715	6.18310858318107	4.92814125076632	1.18487182141134e-05	0.00059163891172266	3.15012518000798
5112	-0.629031441259322	7.82637126492	-4.92460351654461	1.19882938640662e-05	0.00059593594721597	3.13898407005575
7879	1.00403423443917	7.43363766482311	4.92230119160296	1.20799978844978e-05	0.000597825673083923	3.13173470541295
10901	-0.964387412817652	5.93461136568381	-4.91576415827857	1.2344161088297e-05	0.000608195724416759	3.11115648661783
10635	-0.788904921859554	5.29265621142866	-4.91305478140119	1.24553096265133e-05	0.000610968602163992	3.1026297084281
2278	-1.24882772570175	7.89604764751725	-4.903072979574	1.28733777919936e-05	0.000628706411025651	3.07122675424146
5519	0.469695956576798	9.12302605103852	4.88938347028563	1.34693067321295e-05	0.000654937687608132	3.02818797799922
6902	0.501965504598542	6.57352447095403	4.88248331779024	1.37799057592343e-05	0.000662343796847091	3.00650711686244
10127	0.590743596354052	5.33199706941041	4.88104026138829	1.38457494054808e-05	0.000662343796847091	3.00197399436627
7058	-0.797692635319128	9.63919322883068	-4.88060520900764	1.38656606848479e-05	0.000662343796847091	3.00060742306518
5781	0.61358464652112	6.11341840150614	4.87965752979105	1.39091313554465e-05	0.000662343796847091	2.99763072449791
7344	0.762966716648949	8.17862928150489	4.87944204653274	1.3919034437559e-05	0.000662343796847091	2.99695390552758
10251	-1.12090675721937	8.47959956431555	-4.87559875459619	1.4096834187448e-05	0.000667949994371206	2.98488378391354
1526	-0.467382252674349	8.38557030152447	-4.83766912069411	1.59760254984601e-05	0.000753784084429464	2.86590805053299
9612	0.523729210130303	7.2300754989576	4.83498748509914	1.61178541301815e-05	0.000754690133996406	2.85750651555308
3898	1.12430494294497	8.79165424544222	4.83474421666821	1.61307814899995e-05	0.000754690133996406	2.85674442484077
10450	-1.03249883337502	7.7739816339407	-4.83127805103687	1.63160874941282e-05	0.000760165833669949	2.84588712101855
8521	-1.13915347381319	7.37665361610621	-4.82617818934186	1.6592549887587e-05	0.000769825179159503	2.82991658845259
9619	-1.30682248731647	10.2166746406788	-4.8204391588843	1.69091792670457e-05	0.000781260212193168	2.81195033088778
406	-1.33387357928764	10.8330665700986	-4.80982418208931	1.75105737251075e-05	0.000803537191750382	2.77873621649222
7259	0.681345250811886	8.86107563551694	4.80938928686689	1.75356567216294e-05	0.000803537191750382	2.77737589376429
9634	1.74842698295662	9.4135677215748	4.80774676540564	1.76307101487779e-05	0.000804581793060008	2.77223852474061
1827	1.08054837466776	8.35691638085864	4.80371330994428	1.78662850943446e-05	0.000812004426634804	2.75962514672646
6141	-0.315849594487242	5.35623921909469	-4.80150214871697	1.79967404263536e-05	0.000814608555477427	2.75271175400009
10470	1.31595064140197	8.39294188436108	4.7940676631655	1.84422771344351e-05	0.000831197213952406	2.72947408722016
1729	-0.345557913846869	4.83362461780099	-4.79236331871557	1.85459353314632e-05	0.000831197213952406	2.72414839423165
7544	0.437593000880969	5.12860415425742	4.7916879912156	1.85871671552896e-05	0.000831197213952406	2.72203830357812
9855	1.02188448891432	9.64411708487529	4.79037076553517	1.86678495308217e-05	0.000831466018102798	2.71792282846085
5758	1.90784577437088	5.84814408271766	4.7725483343495	1.97939791002422e-05	0.000878111383590425	2.66227259378898
2898	-0.650366332802589	7.72426111769537	-4.76698700474666	2.01588680701221e-05	0.000887238382011017	2.64492021431269
10756	-0.856416351836552	7.22196402410777	-4.76599529018291	2.022462790352e-05	0.000887238382011017	2.64182652364608
396	-0.905963641450799	10.4876531818621	-4.76544580316919	2.02611547718426e-05	0.000887238382011017	2.64011246226192
6487	0.978778609773441	8.8049010727228	4.76441972961313	2.03295362999946e-05	0.000887238382011017	2.63691190438564
5704	-0.696622291036306	4.14227620869793	-4.76339408110116	2.03981163713355e-05	0.000887238382011017	2.63371288109214
10070	0.32727489431993	5.51342529263481	4.75284396535597	2.11168935264754e-05	0.000914928441312467	2.60081896364215
419	-1.53484751713705	7.72414650476949	-4.74300724379178	2.18094780214082e-05	0.000941273402203026	2.57016939411843
6338	-0.28805721012185	5.12709571840528	-4.72229128706643	2.33419137961351e-05	0.00100352204679523	2.50568600892665
5504	0.685127740443411	8.22609950983521	4.72062074017912	2.34700048123722e-05	0.00100418385346824	2.50048984756274
3104	0.616933528036602	6.41211564629126	4.71974183833959	2.35376727216175e-05	0.00100418385346824	2.49775629277104
5026	-0.69110306808419	6.19234211779775	-4.71771751573124	2.36942586250778e-05	0.00100525328826634	2.49146086188648
6789	-1.94468259606981	9.16279761973826	-4.71708625414	2.37432972441892e-05	0.00100525328826634	2.48949787706378
3636	-1.06941887578141	9.27389253772144	-4.71158002567922	2.41752923579253e-05	0.00101966621365719	2.47237907336745
10439	0.470524257320578	6.87725281035872	4.70802259395054	2.44584915093909e-05	0.00102736050129299	2.46132239021085
4017	-1.04759837845756	8.12686371720827	-4.70611026737557	2.46120724254559e-05	0.00102736050129299	2.45537986388633
6773	0.257116512736354	5.77326845516444	4.70377360581583	2.48010191612816e-05	0.00102736050129299	2.44811975420482
3492	-0.719436990971017	8.25136183263859	-4.70360055662904	2.48150687965645e-05	0.00102736050129299	2.44758212797483
7107	-1.87017353415958	10.43637026558	-4.70249712263532	2.49048392793256e-05	0.00102736050129299	2.44415414487533
5585	1.5426684585417	8.28666511980834	4.70128289252411	2.5003992494231e-05	0.00102736050129299	2.4403822501366
9931	1.09385817789713	6.96721629553258	4.70017623565476	2.50946992029326e-05	0.00102736050129299	2.43694478957832
2085	-0.490897919753433	7.13294969779005	-4.70016247601759	2.5095829039218e-05	0.00102736050129299	2.43690205146155
4448	-1.2939783440785	8.45357830666619	-4.68745655526814	2.61607650881806e-05	0.0010670334038714	2.39745374817866
9606	1.19656360884418	6.14526483105843	4.68160817440014	2.66657458482619e-05	0.00108366087598685	2.37930758706572
3762	-0.292349722252792	4.80537859913869	-4.67546060691775	2.72068836549374e-05	0.00110163145271901	2.36024092542381
8659	0.732651698051452	9.9530926065963	4.67070185915715	2.76331649242672e-05	0.00111483801243375	2.34548720083838
3892	-1.68368092173213	8.72887353724421	-4.66779920244411	2.78963946116361e-05	0.00111960012250516	2.33649035734054
7507	-0.531031816307653	7.57351292528257	-4.66598325656925	2.80623258587302e-05	0.00111960012250516	2.33086271243029
5081	0.759812017936893	5.09010185388765	4.66547781784715	2.81086823034595e-05	0.00111960012250516	2.32929647548642
8292	0.365005495045781	9.19697316131239	4.66499109509866	2.81533932915531e-05	0.00111960012250516	2.32778828673038
9363	-1.04447522669648	10.448991317191	-4.66145661710372	2.84801771084408e-05	0.00112856502527576	2.3168376625358
9856	1.06893933802229	8.83823302510341	4.65621425088097	2.89717367041992e-05	0.00114397265319595	2.30060055578568
153	0.583374282611299	7.87629908475661	4.65377247872637	2.92035287148212e-05	0.0011490505026132	2.2930397125739
11118	-0.658970153960655	4.83907220967837	-4.64120991362477	3.04251547537308e-05	0.00119290175416476	2.2541606946699
10029	0.32420635365602	5.65134938767762	4.6352082062686	3.1026356782225e-05	0.00121220520270202	2.23559856278745
544	-0.658523766752789	8.11061701161761	-4.62948409860564	3.16106100354196e-05	0.00123033121953902	2.21790235095515
8456	0.506735594032279	5.8876301857978	4.62850834176635	3.17112761569554e-05	0.00123033121953902	2.21488649489146
9629	0.563359114338412	6.62139438836551	4.62215204719711	3.23747820925085e-05	0.00125171249513917	2.19524568693206
10255	-2.29778789976672	7.30494631132589	-4.620692093659	3.25290940407762e-05	0.00125332685862991	2.19073572483952
3288	0.952131936385559	8.65063775281357	4.61615068902655	3.30137343749902e-05	0.00126679653123613	2.17670983334723
1832	-0.829998974895349	8.78583433926461	-4.615291450459	3.31062227741099e-05	0.00126679653123613	2.17405663532669
2607	-0.36972768427686	5.04767552754771	-4.61100857655402	3.35710371644639e-05	0.00127969486292381	2.16083422447937
4541	-0.429699840424264	4.85835386953691	-4.60915883447838	3.37737618598544e-05	0.00127969486292381	2.15512482683728
1101	0.519074922126963	6.27075568572111	4.60902858679313	3.37880816973149e-05	0.00127969486292381	2.15472283428804
4975	0.35358621406626	7.95026258032425	4.60693941325905	3.40185878442721e-05	0.00128405754456261	2.14827539030185
5174	-0.52162606441188	11.0174565812867	-4.6024583610441	3.45182154387478e-05	0.0012943351951093	2.13444961539566
10398	0.428693909247053	5.54488906391118	4.60241260089855	3.45233545529826e-05	0.0012943351951093	2.13430845093437
5289	-0.233895843637949	8.84160404604797	-4.60131385703249	3.46469751567309e-05	0.00129461096768523	2.13091910156607
6180	-0.456368748873255	5.71188325704345	-4.58889312737158	3.6075004979545e-05	0.00134346214196399	2.09262319471483
4169	-0.843302399150677	8.70551667585538	-4.58269033396112	3.68096096462641e-05	0.0013662500113705	2.07351167140141
1171	-0.738132232597226	6.48065872460863	-4.57993325474206	3.71408258223508e-05	0.00137396377253115	2.06501960469561
9722	0.634362390662833	8.19204965815704	4.57805966106539	3.73675726290264e-05	0.00137761692257189	2.05924974820808
3376	-0.270490919241212	4.9787923715855	-4.57707718450893	3.74870163932898e-05	0.00137761692257189	2.05622446704024
3850	-0.648471747391344	7.84778546116159	-4.57130058440614	3.81969124653431e-05	0.00139757762310759	2.03844140190674
10798	-0.362714833135842	4.71494383016969	-4.57062171130227	3.82812011717839e-05	0.00139757762310759	2.0363520173604
10276	-0.251976104053601	6.19393860871351	-4.56213166799429	3.93508523796309e-05	0.00143193379492546	2.01023096818612
3795	-0.351722767742569	9.62229134193502	-4.55939466255326	3.97018908958675e-05	0.00144000180822633	2.00181365956711
4534	0.324457984654751	7.58080284070433	4.55808352894896	3.9871138142786e-05	0.00144144520525949	1.99778205163282
8116	0.206000650608495	4.41944489218794	4.5480925629389	4.11842601971335e-05	0.00147935559241772	1.96707393468721
4713	-0.184729790115434	7.28489772880336	-4.54792737721323	4.12063231354451e-05	0.00147935559241772	1.96656641735897
8179	-1.13644287758085	12.2840845300476	-4.54709012461378	4.13183286252278e-05	0.00147935559241772	1.96399413701261
6331	-0.767860641023399	7.26510560551089	-4.53991245051387	4.22908658114354e-05	0.00150932304746902	1.94194899978192
5039	0.888931322831288	7.44756488763355	4.538681986964	4.24598252135695e-05	0.00151051167333258	1.93817103211562
5259	-0.498823570732338	9.8517509540394	-4.52721312674718	4.40668158903954e-05	0.00156149266555175	1.90297466609347
9099	0.824495671508635	6.32154905529348	4.52646740284371	4.41733443779794e-05	0.00156149266555175	1.90068721904886
7785	0.253424140461755	5.35966678985302	4.52385970824109	4.45478478572342e-05	0.00156974774015918	1.89268936764205
6233	0.692827568700965	7.31465378300968	4.51907534914347	4.52430600030251e-05	0.00158921600357629	1.87801985041453
10772	-0.367035700883962	6.35905515504418	-4.51764033762264	4.54536452495456e-05	0.00159159226369085	1.87362096751115
7426	0.473104749159574	7.73636195079478	4.51487585685918	4.5862038229572e-05	0.00160085829368741	1.86514811795735
2882	-0.420740208401148	6.84837890846159	-4.51126046990975	4.64015634141362e-05	0.00161321858431948	1.8540700892749
10057	0.656652453857976	9.87376232360561	4.5101866838534	4.65629990531344e-05	0.00161321858431948	1.8507804690879
4811	-0.436712227748454	10.2080295563151	-4.50960437078759	4.66507754064546e-05	0.00161321858431948	1.84899662724963
10294	1.46011400193183	7.6802040613968	4.50392977134841	4.75146808934709e-05	0.00163800610448544	1.83161748544186
4240	-0.40884169481316	7.06495735873222	-4.50247698471009	4.77383620486344e-05	0.00163994478538475	1.82716939958333
6208	1.06205358157507	7.50302792165412	4.50165437245729	4.78654742029677e-05	0.00163994478538475	1.82465098319347
4752	-0.986847315581992	6.50954428939502	-4.49930223867681	4.82307639956639e-05	0.00164606688742325	1.8174508595241
4981	-0.694805560395562	7.95405081595176	-4.49860341248954	4.83398178884061e-05	0.00164606688742325	1.8153119384984
5372	1.69253624680991	6.14488272088842	4.49687730854694	4.86102175892701e-05	0.00164913159943251	1.81002930042506
6418	0.399294138002514	7.54995247802815	4.49541471475292	4.88404966204176e-05	0.00164913159943251	1.8055536846758
7602	0.492245995264619	5.87917935471324	4.49520166678897	4.88741291255255e-05	0.00164913159943251	1.80490178973826
292	0.726731864007867	7.66101508840875	4.48938188255168	4.98016845634977e-05	0.00167535274203791	1.78709838569302
10766	0.365613397938162	4.58866953851597	4.47975625372292	5.13737850212128e-05	0.0017230334223229	1.75767058709218
8852	0.967884936447017	5.13555793328913	4.47848680488162	5.15847104265262e-05	0.00172322028098994	1.7537912784196
3102	0.58627086069165	3.99306357942951	4.47786179327306	5.16888705748218e-05	0.00172322028098994	1.75188145082308
7881	0.466672184385103	4.84890147227634	4.47429560573915	5.22871383301392e-05	0.00173796204568985	1.74098620504591
1890	0.318415803025919	7.38964094579713	4.47108107865043	5.28322174136481e-05	0.00175085339553861	1.73116801930391
8705	-0.831405587734338	9.23298699690892	-4.4673660568362	5.34690958421727e-05	0.00176670143086823	1.71982434138927
4338	-0.554980241569593	6.92713840614082	-4.46163062478439	5.44671251758034e-05	0.00179341764375169	1.7023181275396
2720	-0.305599238286167	9.55655862073944	-4.46087603138242	5.45997827778917e-05	0.00179341764375169	1.70001549576668
11052	-0.417100078198368	7.71624489260271	-4.45566505485269	5.55245449334106e-05	0.0018184288465692	1.68411813776642
1812	0.812045380966879	7.57673068938503	4.44930702900607	5.66736472607068e-05	0.00185061895087381	1.66473060350764
3097	0.578412532745384	6.96744172262188	4.44833464228765	5.68514288537335e-05	0.00185099608270854	1.66176639575024
10468	1.10568557727767	8.8943836672914	4.443699126959	5.77064707147753e-05	0.00187335729273768	1.64763882870045
7204	-0.785620320825694	4.79426697913911	-4.43999538615297	5.83986747933154e-05	0.00189031756925456	1.63635489620408
9592	-0.871216148217468	8.45413548504986	-4.43513326256372	5.93197174480765e-05	0.00191456537328792	1.62154705175959
7372	-0.320821734177295	9.1177779717788	-4.43419829531195	5.94984525028693e-05	0.00191478401335101	1.61870024663032
4413	-0.368186549520259	7.06861423822468	-4.4318113575533	5.99571496695247e-05	0.00192398519184483	1.61143345973841
1153	-0.985051611956827	4.54593316646462	-4.42948448817288	6.04076328791199e-05	0.00192946487229598	1.60435093574299
8795	-0.745349004406715	5.35194307274157	-4.42914069521899	6.0474471525038e-05	0.00192946487229598	1.6033046154656
4820	0.476098275343669	6.11575678785245	4.42734352648234	6.08250481326136e-05	0.00193510545987615	1.5978354923719
8899	-0.422157881030279	4.32924175855329	-4.42625250755127	6.1038843956879e-05	0.00193637472210783	1.59451571693817
5299	0.323957740009528	5.48916402281435	4.41717006980683	6.28474001122885e-05	0.00198808465980208	1.56689126696378
2207	-0.352643052796634	5.61500206365618	-4.41003756562525	6.43043159741036e-05	0.00202840951380069	1.54521239304878
6817	-0.49197788558727	7.52354914808939	-4.40868484423842	6.45843308769874e-05	0.00203148735682276	1.541102342438
4575	0.543643604747838	9.34009788183465	4.40407560946648	6.55474302371803e-05	0.0020559736216648	1.52710138404731
9188	0.542932591761348	6.92594234361375	4.40215934410638	6.59519540348343e-05	0.00206285114656708	1.5212821734558
9986	0.44052593435231	6.02588279009516	4.40065979006481	6.62702116124862e-05	0.00206699945743707	1.51672907190111
8596	0.663938703232002	4.49295310019176	4.39216424749122	6.81018136814039e-05	0.00211819467972747	1.49094504019122
8006	0.354116424392833	4.32903975480088	4.39083524768504	6.83927813950771e-05	0.00212131927808965	1.48691321460249
2130	-0.288716699750307	5.90834142336153	-4.37434258085835	7.2106330461343e-05	0.00223028886024182	1.43691738432456
5321	0.490579521600838	8.24046527143409	4.37056347345647	7.29846058847017e-05	0.00224614236863952	1.42547147891748
5131	1.02810437298494	8.5695313094412	4.37040218966143	7.30223203814554e-05	0.00224614236863952	1.42498307737771
9574	-0.226614848355684	7.39379356510412	-4.36904644411972	7.3340100830996e-05	0.00224970254201967	1.42087786426825
10802	0.375542747116665	9.19366314839536	4.36458488482825	7.43954398809454e-05	0.0022751023794119	1.40737164770099
6509	-0.448984417613019	7.22836983250364	-4.36375108880968	7.45943053947202e-05	0.0022751023794119	1.40484813139673
4908	0.642504105248562	5.84462503961922	4.36296990821594	7.47810930278183e-05	0.0022751023794119	1.40248402524327
6972	-1.00015356205409	10.8190647904788	-4.3611513802295	7.52176921866789e-05	0.00227596697306619	1.39698119720624
9343	0.907113132700845	8.20167063061569	4.36114882755982	7.52183067883571e-05	0.00227596697306619	1.39697347349869
7858	0.525508552471733	6.65193644513836	4.35814806115023	7.59441993261162e-05	0.00229129096964627	1.3878951424936
5189	0.441596337957794	4.65757155230539	4.35735864082764	7.61362962522785e-05	0.00229129096964627	1.38550727818751
5331	0.447593492130987	7.64527122097226	4.35478173807723	7.67666675300476e-05	0.00230403461710803	1.37771373596732
4143	-1.31501645269334	7.64686604884127	-4.35059547072366	7.78016126992722e-05	0.00232881977797418	1.36505664100836
10341	0.326103419952076	7.02892300829993	4.34382585104446	7.95041323608392e-05	0.00237340084138859	1.34459877211688
1856	-0.22972776426155	7.45035617653606	-4.34273473582361	7.97819253868277e-05	0.0023753255058351	1.34130256183979
5324	-0.611610656281161	8.71550470501782	-4.3417148355971	8.004244448751e-05	0.00237672698498246	1.33822177875385
9653	-1.49422360953606	10.1480367633717	-4.3384344015328	8.08860314773587e-05	0.00239538819282018	1.32831456813714
10676	0.569707332384288	7.52214837810311	4.33688757997902	8.12868140583114e-05	0.00240087181575411	1.32364403352342
10942	0.611275686348777	5.80258167163056	4.33445354810549	8.19214034460744e-05	0.00241321382902656	1.31629593062399
8977	-0.902457705356062	6.67342379152129	-4.33074142204276	8.28985373424095e-05	0.00243555465252699	1.30509247657322
9092	1.05439749773063	5.50301922195741	4.32726238133128	8.38246427799785e-05	0.00245628262461858	1.29459588530617
8651	-0.815970488963803	9.41510758728143	-4.31674206303517	8.66869891781078e-05	0.00252804774052301	1.26287516427088
6459	0.902352094519347	6.72355784527208	4.31659447194977	8.67278165136767e-05	0.00252804774052301	1.26243036478517
8637	0.407408726947723	5.82686011897115	4.31477903862318	8.72315482200184e-05	0.00253609213950367	1.25695962962817
7964	0.509354488809208	6.80705060507198	4.31009752252954	8.8543752380992e-05	0.00256753823636027	1.24285624320352
8414	0.331014540766694	6.35384436219546	4.29677664369963	9.23838198877576e-05	0.00267033036673202	1.20275923600709
6675	-0.223993757233142	4.2797792725189	-4.2961505332021	9.25682551916084e-05	0.00267033036673202	1.20087579709378
3738	-0.699267116044281	7.57779604644427	-4.29225098846594	9.37250701214341e-05	0.0026915820262144	1.18914780421454
5703	0.304689035864363	8.09306262179823	4.29188078593522	9.38356224466685e-05	0.0026915820262144	1.18803462925793
71	1.68241316603084	6.71525393331778	4.2912305042698	9.40301219755187e-05	0.0026915820262144	1.18607936691403
650	-0.313087297100019	4.85916366822041	-4.28519311000941	9.58547899721347e-05	0.00273677714446082	1.16793180115945
11057	0.221295848288216	8.03702560199701	4.2823217348717	9.67346764159606e-05	0.0027548353501067	1.15930442121545
10751	0.505633869820142	6.97688211443266	4.28132498882743	9.70419515609294e-05	0.00275653604752793	1.15631012177385
6106	-0.470777689300711	5.0200476429326	-4.27592920052157	9.87219566453068e-05	0.00279712210495036	1.14010560984821
10576	0.387160103842293	11.7929022177442	4.27492638733422	9.90372986056942e-05	0.00279893482227006	1.13709488501824
1807	-1.28211991327479	8.15418948289712	-4.27386873033089	9.93709511635807e-05	0.00280125453469993	1.13391981043289
7316	-1.22918274490368	5.15573390498106	-4.26344150827772	0.000102719599977948	0.0028883402670567	1.10263430303234
4683	0.532750200361508	8.99485948261624	4.26220353207508	0.000103124404562897	0.00289241875266463	1.09892196157723
697	0.24368873927714	5.08884776657036	4.25964197388734	0.000103966951586487	0.0029071772602061	1.09124195228266
7645	-0.756929094630049	10.9903327403055	-4.25901932821698	0.000104172763971462	0.0029071772602061	1.0893754309011
9137	0.486178854876623	6.23785907257235	4.25678924830519	0.000104913170333213	0.00292052037915081	1.08269116613589
5287	-0.557785225166261	5.34284574521653	-4.25197203090315	0.000106530084824461	0.00295813589655955	1.06825725626473
4883	0.582617130935864	7.6101194591812	4.24834143613579	0.000107764736170723	0.00298497596333583	1.05738322260596
7539	0.622675240255946	7.73833687254227	4.24482300136036	0.000108974550241225	0.00301007422630972	1.04684872077425
5326	-0.411469953819722	5.04821377482837	-4.24413837184426	0.000109211494156186	0.00301007422630972	1.04479929259789
4626	0.501608165233551	8.82287247866307	4.24292995338303	0.000109630942660365	0.00301417418894609	1.04118223842413
977	-0.327924153173834	6.227867275675	-4.24037872065388	0.000110521652988478	0.00302800497626123	1.03354723279037
7414	-0.233162115947345	5.60389498876005	-4.23993335460518	0.000110677864870976	0.00302800497626123	1.03221458969134
6728	0.299188237455027	5.58023396812463	4.23815787036197	0.000111302756818966	0.00303763773818427	1.02690247832964
6641	0.292552297704203	8.07946233662078	4.23674799405937	0.000111801419274608	0.00303787167616103	1.02268488454255
1544	-0.340367214838109	5.95669965833865	-4.23659130754138	0.000111856972359769	0.00303787167616103	1.02221619789468
4635	1.52701930366972	6.10028740422751	4.2321257342182	0.000113451596474351	0.00306638890488883	1.00886158507218
8045	0.274767815354924	5.73863097875607	4.23210857510154	0.000113457766395527	0.00306638890488883	1.00881028063354
1535	0.612346884494246	6.31801206207482	4.23004515038457	0.000114202103050695	0.00307503436371478	1.0026414206014
3348	0.43822013415674	7.46516119433903	4.22969199899082	0.000114329970954461	0.00307503436371478	1.00158575494107
2188	-0.516138514309436	9.51257924153109	-4.21980173769183	0.000117968213136912	0.00316524350187835	0.972035774127155
72	-0.34206725365783	8.74987275871246	-4.21543415870429	0.000119610555270621	0.00320159503110183	0.958995449441677
2177	0.758983719129251	7.64969307826077	4.21403565485898	0.000120141127782319	0.00320808503083003	0.954821100131236
1514	-0.480772205991833	6.25607424424277	-4.21077897484188	0.000121385567791696	0.00323356052000128	0.94510255870307
2200	-0.748471776495631	6.56391796634517	-4.20529387113563	0.000123509971382284	0.0032822995974743	0.928741016009175
8834	-1.0465323007207	6.20394590107257	-4.20412260625041	0.000123968277099123	0.00328663515594937	0.925248389862147
4194	0.273046275916469	9.61474001320114	4.20030250714764	0.00012547458902451	0.00331866876196656	0.913859941920821
7493	0.379425505934072	7.73257461057113	4.19319287683689	0.000128325603584569	0.00338537731592726	0.892676242809426
5705	-0.426249260328299	8.47867320517022	-4.19204507744015	0.000128791755364739	0.00338537731592726	0.88925768758752
34	-0.22148984369773	5.09680062757655	-4.1917574064416	0.000128908844360409	0.00338537731592726	0.888400962168905
8991	0.405693693283545	7.98316848347386	4.18491459144618	0.000131724790904974	0.00344479278490361	0.868029326278315
4477	0.451574294163427	6.7468293513466	4.18475780835493	0.000131790006858459	0.00344479278490361	0.867562733064662
3807	-0.491429061522499	4.28535041470278	-4.18333767925781	0.000132382161654116	0.00345216714290066	0.863336701563483
9929	0.438241527492437	4.53942609371498	4.17906125701175	0.000134180999388867	0.00348541931302272	0.850614524446237
6022	0.548607542988868	5.24664048717179	4.17881966348475	0.000134283330515199	0.00348541931302272	0.849895956860943
605	-0.640663300887437	5.34594761094679	-4.17403581665398	0.000136325328093769	0.00353019192633515	0.835671039178767
665	-0.334433114859414	8.54196213661948	-4.17132403036377	0.000137496251400925	0.00355059229804394	0.827610504988136
7894	-0.316564205596562	5.38604882619652	-4.17073733886507	0.00013775086418994	0.00355059229804394	0.825866909277301
7196	0.388679465025526	5.65563018079176	4.16551996115749	0.000140035383656679	0.00360104584929766	0.810365874738364
6845	-0.242734091002187	4.80996639695818	-4.16479643893087	0.00014035508743558	0.00360104584929766	0.80821690910799
9513	0.212347838528413	6.22936231920114	4.15102612615786	0.000146576958204532	0.00375203317151141	0.767347270676948
10460	-1.19566017451693	8.1684494548928	-4.14930501816171	0.000147373229250919	0.00376376354979125	0.762243148725839
10846	0.254388214361667	8.98333544884981	4.14847151486102	0.000147760360731074	0.00376501514128263	0.759771633506345
10163	0.628470647938791	8.80997365429803	4.14743583117574	0.000148242776130214	0.0037686833612099	0.756700905205505
4729	-0.315650095797778	5.66936748652462	-4.14579433742211	0.000149010514658736	0.00377957193787023	0.751834663199199
8011	0.356755347967984	8.5129478064633	4.1441428062237	0.000149786850734484	0.00379062859756472	0.746939494831891
895	-0.373871277207923	7.57566427995962	-4.12438200517582	0.000159386473441139	0.00402441809924509	0.688432990015862
4634	1.11685141493011	5.58137923846514	4.12245145656355	0.000160355775648404	0.00403973204037324	0.682723596558695
1628	-1.06928516353999	8.21260846143713	-4.12125165653643	0.000160961064261225	0.00404582720214162	0.6791758960012
9497	-0.359276798491465	6.21749354712911	-4.1158499291318	0.000163713813999117	0.00410575071819858	0.663209002628095
1104	0.492205337713148	6.03893389744948	4.10917589612371	0.000167178193174508	0.00418321164269247	0.643493844998556
10921	0.40540358668522	6.44372057983053	4.10692745123122	0.000168361291637641	0.00420336991566174	0.636855044386191
6463	0.401271242120621	7.96231307139357	4.10510290682316	0.000169327317494542	0.00421100018372205	0.631469021202631
7663	1.04201204824675	8.80793010128132	4.1049222378207	0.0001694232673828	0.00421100018372205	0.630935746109433
8831	0.792870501541235	8.56369940892655	4.09917452918113	0.000172503499533386	0.00427800994945268	0.613975748568524
1234	-0.467683268499592	5.0580563430277	-4.09637084501342	0.000174025691834307	0.00429789750787279	0.605706564683484
6123	1.88384563519768	8.4724236591132	4.09614981222394	0.000174146249755185	0.00429789750787279	0.605054755807595
6604	0.739261597759395	7.71532936792941	4.09556910020459	0.000174463374365379	0.00429789750787279	0.603342353470071
3379	0.424520591742819	9.0688949005985	4.09392766864301	0.000175362791683623	0.00431051806930935	0.59850267753131
4640	0.58741761686714	5.16921440341589	4.09061771046148	0.000177190196577589	0.00434584325747016	0.588746018655818
5298	-0.357238172407974	8.61985658351613	-4.088691423282	0.000178262189469375	0.00435333821946214	0.583069553848206
5282	-0.587752244723414	6.50939366740195	-4.08866362854932	0.000178277703464278	0.00435333821946214	0.582987655725894
10230	1.53143893662509	4.82126642315888	4.08560554340904	0.000179992649563778	0.0043855977087367	0.573978395649688
774	-0.63951982875778	8.04316506841105	-4.07998702076848	0.000183185331921559	0.00444974992059982	0.557433686610565
2099	-0.613260219359138	5.43882116640822	-4.07833342999974	0.000184135403994012	0.00444974992059982	0.552566311132137
5464	0.416346456968405	5.89307706435144	4.07791334660339	0.000184377524671542	0.00444974992059982	0.551329926179537
11012	0.550567673289365	6.06462766857295	4.07732482214989	0.000184717248767415	0.00444974992059982	0.549597881677987
5475	0.761186241710819	8.57580382562773	4.07692055129422	0.000184950965185169	0.00444974992059982	0.548408164672094
4038	0.265135556280861	5.056562100524	4.07679556678015	0.000185023279141241	0.00444974992059982	0.548040361882643
9998	0.268592845421241	6.82860760811921	4.06634926748576	0.000191165389822864	0.00458317773206562	0.517316732192366
1596	0.317064992960174	4.83465789730744	4.06596595776249	0.000191394489933589	0.00458317773206562	0.516190042406506
2022	-0.371091369479114	5.40848720574222	-4.06480309085801	0.000192091155580396	0.00458998930769896	0.512772232147105
8729	-0.353309749360806	6.88449932851324	-4.06303251053552	0.000193156629486591	0.00460556545895759	0.507569108911961
7194	-0.296956000961543	4.73246068632965	-4.0612510766556	0.000194234425284559	0.00462136821697344	0.502335105676393
845	-0.372247783606949	5.11600443285121	-4.05750697052069	0.000196518736170758	0.00466264845356315	0.49133792836767
8565	0.378349283822418	6.42312399641115	4.05703766789977	0.000196806894761983	0.00466264845356315	0.489959812085831
2253	-0.443941074664239	8.32880769718881	-4.05307164005809	0.0001992585305458	0.0047107085724575	0.478316327342491
3613	-0.844499112216026	6.20517169486819	-4.04666149773343	0.000203283829343658	0.00479568949097804	0.459508134554095
4622	-0.275265724450636	5.47202149187168	-4.04458246078812	0.000204606246832023	0.0048081072141619	0.453410825001561
7100	-0.274426503986143	8.82189199739705	-4.04447659966799	0.000204673805075235	0.0048081072141619	0.453100397578957
7772	0.760647167132177	8.00447934920697	4.04262375985361	0.000205859758462082	0.00481019269050485	0.447667713984084
10365	-0.360336578789965	8.91307594997455	-4.04239256138633	0.000206008209661831	0.00481019269050485	0.446989898643856
1957	0.358345503015233	9.37019417141599	4.04231420357692	0.000206058546328766	0.00481019269050485	0.44676017733365
1303	-0.255199971988979	5.81674041182594	-4.04100336989107	0.000206902391664947	0.00481978688533302	0.442917506618167
8093	0.752297213100241	5.76793472545379	4.04015786878644	0.000207448458794535	0.00482241876550552	0.44043924099924
2892	0.654405844236892	7.82670866579182	4.0388950669399	0.000208266645146752	0.00483135227856059	0.436738249459577
6070	1.32875724373654	8.75439287857485	4.03813470727045	0.000208760802053786	0.00483274746542392	0.434510054503717
2578	-0.641738431020208	8.50281374927494	-4.03515735196032	0.000210706755890695	0.00486767578183173	0.425786879717589
5366	-0.983945105550699	10.9438596673408	-4.03366251632682	0.000211690383431448	0.00487154320855823	0.421408340076662
6596	-0.57010727835892	8.50816756433547	-4.03357340388283	0.000211749161467641	0.00487154320855823	0.421147342855193
6468	-0.857804905952921	6.90568044767282	-4.0306607191686	0.000213679093017439	0.00490580763041068	0.412617946015369
8501	0.610500604345677	5.01609519029962	4.02958402945489	0.000214396814431786	0.00490754786022844	0.409465710088488
8303	-0.755216140607973	8.69882232058819	-4.0284460774509	0.000215157915675146	0.00490754786022844	0.406134528140787
7342	0.269319080389254	5.64264698938708	4.028047291992	0.000215425256837546	0.00490754786022844	0.404967244471833
9582	-0.399777565319456	10.6136513170761	-4.02790933291649	0.000215517818019911	0.00490754786022844	0.404563437016357
5491	0.323012052769156	7.01816875109356	4.02627273983961	0.00021661880919502	0.00492255191915622	0.399773590014005
6398	0.822079316299811	6.55662988472451	4.02297959405246	0.000218850780512987	0.00495450353477729	0.390138141318323
1385	-0.623331137298362	8.49725594201977	-4.02288569207636	0.000218914749807852	0.00495450353477729	0.389863444766739
3921	-0.684078462919267	6.08221671602414	-4.02201577884932	0.000219508228022711	0.00495785825361641	0.387318778054471
7017	0.503774546219626	7.61993542349547	4.02032064889178	0.000220669178526079	0.0049737047613822	0.382360905148024
5028	-0.472004749483433	5.67021909538591	-4.01968918112056	0.000221103175292698	0.0049737047613822	0.380514245874791
5849	-1.50599124830506	8.63355826480119	-4.01679077987133	0.000223105840587685	0.00499944390687433	0.372039868539308
8402	0.589662952438662	5.82678339853039	4.01673383388142	0.000223145363423129	0.00499944390687433	0.371873396949926
6903	0.392960923610571	8.71346084952214	4.01558607956172	0.000223943401004562	0.00500724853450964	0.368518366918882
1852	-0.48901415728274	5.8340427664528	-4.0143206180524	0.000224826489506108	0.00501691976082268	0.364819767629719
2594	0.275947969902776	5.05178405302391	4.00841200555331	0.000228994648755472	0.00509971082778436	0.347557504863748
8077	-0.72354096995225	8.76046257307893	-4.0055106018691	0.000231068748605269	0.00513562977189556	0.339085161258438
8628	-0.550659958872139	6.27011837750802	-4.00367559423991	0.000232389915626025	0.00514851252257807	0.333728225603751
9571	-0.861306645090034	4.62943518377605	-4.00342192194965	0.000232573129668322	0.00514851252257807	0.332987768339367
7089	0.304079510645552	7.16361330956719	4.00055787006395	0.000234651424558995	0.00518421351679445	0.324629221868736
8620	-0.189844677572289	7.17774849662962	-3.99510410096218	0.000238658847781949	0.00526230944564752	0.30872030715299
7536	1.30699130202727	5.61878797957328	3.99405684054076	0.000239435931149091	0.00526901006589947	0.305666531871946
1344	-0.860165252945094	6.9603211161445	-3.99313036548471	0.000240125434363549	0.00527376077246178	0.302965267905961
10140	-1.05136248246404	6.50639163844449	-3.98135531400212	0.000249058136375012	0.00545917785144833	0.268658545540067
2141	0.381143776618772	6.00675110704281	3.97933858172766	0.000250620017350998	0.00547433946056442	0.262787447356911
4745	0.289795074355089	8.45700044434834	3.97919303384436	0.000250733105064019	0.00547433946056442	0.262363782267001
3966	-0.310189792000171	8.4801124163774	-3.97800048696884	0.000251661553878622	0.00548385793040794	0.258892750317848
5554	-0.636391075548777	7.75069192281052	-3.97692256994093	0.000252503624524072	0.00549119903773979	0.255755772962313
2350	-0.30193339338361	6.43850293426853	-3.97630826372093	0.000252984742376337	0.00549119903773979	0.253968181067487
8177	-0.834967330429213	7.59074796609079	-3.97437322928615	0.000254506053286382	0.00551347257459897	0.248338186807313
4606	0.453771753830297	7.83952129921965	3.97310627439441	0.000255506922815764	0.00552181335923671	0.244652659050496
2874	-0.555494637751669	7.95927164970804	-3.97263162939112	0.000255882864244826	0.00552181335923671	0.243272072923745
7261	0.37997505404666	5.17055222008702	3.97078951428488	0.000257346990117954	0.0055426667987687	0.237914687954909
8447	-0.899799978049282	7.16664757997843	-3.9678585932084	0.000259693252680687	0.0055824022559835	0.229393119354026
3734	0.36000446996866	6.884283960941	3.9664824285445	0.000260802038065899	0.00558993980682402	0.225392964761259
889	-0.597927640964431	7.68966975665858	-3.96487674954471	0.000262101542845152	0.00558993980682402	0.220726483726251
975	0.556275372116895	6.2695268938144	3.96480980709966	0.000262155856556656	0.00558993980682402	0.220531952236016
5382	0.764113489025671	11.0370166290248	3.96426339183706	0.000262599598161404	0.00558993980682402	0.21894415297306
3739	-0.661223915816521	6.59373320209117	-3.96402255744123	0.000262795409744343	0.00558993980682402	0.218244357223203
4949	0.449647827250999	9.32833360312674	3.96370233050595	0.000263055990909365	0.00558993980682402	0.217313900026994
1164	0.822042958080103	5.08479254624589	3.96238075125933	0.000264134062217485	0.00560215768150799	0.213474264156564
2518	0.367055423765983	7.70137522256515	3.95853160204353	0.000267298427769478	0.00565596813612858	0.202294566677391
5969	-0.304544427920389	4.54073689638808	-3.95806193692365	0.00026768704155723	0.00565596813612858	0.200930788903767
1926	0.434984855212662	4.13472589544836	3.95706443458007	0.000268514218589796	0.00565832670301436	0.198034567155183
1670	0.345453074489441	8.96369311057321	3.95670247807227	0.000268814982118958	0.00565832670301436	0.196983719903903
2095	-0.47755438474226	5.95114144784166	-3.95503438105521	0.000270205290002166	0.00567686019655494	0.192141408856263
771	0.422076823451644	7.77875106190689	3.95050519088076	0.000274015449180979	0.00574606784676121	0.178998439785774
4201	0.394932057559209	4.69616792744012	3.94984399716107	0.00027457600945714	0.00574699974681438	0.177080350905554
3399	0.297406346115164	5.83668101121175	3.94880722747082	0.000275457219764597	0.00575462690821537	0.174073037042533
1574	-0.670685159744444	6.04616209702858	-3.94419398831616	0.000279411593754247	0.00582630729672947	0.160696079889934
533	0.396734777641788	7.80845762967233	3.94245924387961	0.000280912756641545	0.00584666083215628	0.155667752324032
7689	0.361494742667842	6.87857355798699	3.9407859308842	0.000282368157195168	0.00586028484688806	0.150818470685298
2538	-0.252408329298488	4.43941961741355	-3.94049730410251	0.000282619933792446	0.00586028484688806	0.149982124186102
2293	-0.3698017176744	8.53494863861825	-3.93612148312488	0.000286463806891832	0.00592372882155396	0.137305936033149
9741	1.02938277118028	9.66794777309088	3.93580520837816	0.000286743586422774	0.00592372882155396	0.136389984909381
11055	0.653382597048281	7.89728575307456	3.9348163942804	0.000287620007819273	0.00593083108716223	0.133526541277789
7488	-0.31912718608217	8.45887338496531	-3.93287761393056	0.000289345951378734	0.0059553921785623	0.127913131673233
7750	0.48271929914801	5.30390165968872	3.92623754179815	0.000295333381017948	0.00606741180375435	0.108697788973883
6020	-1.23322830639959	9.90177502312639	-3.92190719418268	0.000299302521850307	0.00613763090387324	0.0961746747113557
8256	-0.804118977831791	8.16885692673703	-3.91736219816541	0.000303523918941528	0.00621275521583441	0.08303782915221
324	-0.402075562417533	6.13634547529032	-3.91651084650971	0.00030432103642428	0.00621764172584285	0.0805778852858996
9966	0.325348938707018	5.95986224358005	3.91463463219283	0.000306084886503552	0.00623551907155493	0.0751575383491696
6011	0.526257412580521	6.00527514866161	3.91438954550836	0.000306316024440103	0.00623551907155493	0.0744495784592516
3251	-0.436618131697395	7.18197101645869	-3.90925933686095	0.000311193200726432	0.00632022986320779	0.059635228784539
570	-0.58101701052738	4.69313871893376	-3.90855020652276	0.000311873237352733	0.00632022986320779	0.057588219446032
4917	0.414716016155919	6.84045093649153	3.90823061066244	0.000312180190818526	0.00632022986320779	0.0566657164815512
4364	0.777520811449548	5.49679722035917	3.90365090287951	0.000316610967732794	0.00639829968367453	0.0434504777253872
9460	-0.209896678215525	8.98162860285097	-3.90180921996055	0.00031840985678403	0.00642299593349669	0.03813818179444
9157	0.601030069482056	8.83151289432874	3.89327372345035	0.000326876906409329	0.00658187043918241	0.0135333270647759
4947	0.56004645126362	9.07752939763305	3.89067141614955	0.0003295013748944	0.00662060794490347	0.00603690349244612
8416	0.66150656963619	9.27113414624816	3.89018924104349	0.000329989888587465	0.00662060794490347	0.00464817290027497
380	1.08553917469579	5.85296798200087	3.88904590202652	0.000331151058584532	0.00663195510312727	0.00135552857997201
2894	-0.256438623103061	8.29466572483271	-3.88579449354588	0.000334474808596461	0.00668649370506569	-0.00800550502335096
5062	0.54039457242634	8.12956409180236	3.8835187099296	0.000336820392026209	0.00672131732116817	-0.0145554130095658
5396	0.545232629960671	11.2482409914776	3.87861330705466	0.000341930452290934	0.00681108333856806	-0.028667333757471
4914	0.453342153795092	11.2200427362316	3.87371011965831	0.000347113060726981	0.00690197130570523	-0.0427643075307937
5881	0.583191195365246	6.50666284197259	3.87162076283758	0.00034934448222074	0.00693395866226014	-0.0487687302965396
5679	0.867532461711087	5.72928725357106	3.86873502308518	0.000352449246995517	0.00698313588130798	-0.0570592397796927
4012	0.156999964980808	5.4239119215797	3.86433541760997	0.000357234158415217	0.0070549740329622	-0.0696932227829743
8312	0.398194883050182	7.6581331897267	3.8642367384197	0.00035734219619135	0.0070549740329622	-0.0699765119539588
6264	0.511244872734137	7.56934172061287	3.86263957714146	0.000359095227154261	0.00706437592482333	-0.0745611711228999
6364	-0.286794149970283	8.59209718240538	-3.86216816277403	0.000359614234064555	0.00706437592482333	-0.0759141929992939
11032	0.389010906840868	6.26345822777909	3.86207063192486	0.000359721701784897	0.00706437592482333	-0.0761941095147449
188	-0.987526609481075	10.3005059404389	-3.84964424494218	0.00037367097788878	0.00731411912264657	-0.111830158140709
10515	0.778906510811645	8.2401926070812	3.84957297256754	0.000373752472454953	0.00731411912264657	-0.112034390101553
1873	0.636360074611768	5.85732351821577	3.84601485992036	0.000377842799331087	0.00737417454513169	-0.122227869624123
2746	0.226232811515653	6.86509899462103	3.84575275222242	0.000378145816369124	0.00737417454513169	-0.122978588745764
543	0.603622882521557	6.6194636476311	3.84402293240714	0.000380151517661451	0.00740032718384661	-0.127932448690627
9615	1.33729345465389	5.38561928697823	3.84293028690773	0.000381423715087295	0.00741213449824962	-0.131061007827686
9639	-0.938664352800173	5.58268002481294	-3.84037809887716	0.000384411337624066	0.00745717812620901	-0.138366966436605
2490	0.239089474275368	6.10971638013918	3.83224909697835	0.000394078626363506	0.00763141826879589	-0.161621430908162
2545	-0.698069299898584	5.94870729571959	-3.82946674090815	0.00039744110384073	0.00768317133900439	-0.169575311888424
8678	-0.30368779031343	6.15576055727186	-3.82506878446444	0.00040281259797338	0.00777351521392303	-0.182141900983329
591	0.290085274299662	8.81332411740924	3.81989690392107	0.000409219020278881	0.00788348406713727	-0.196910789909976
5063	0.540268786192928	6.25429746334421	3.81840557940798	0.000411084522170932	0.00790574465349453	-0.201167607247941
163	-0.188594327182837	5.27641279648129	-3.81752495812718	0.000412189945308007	0.00791333627759423	-0.203680856383017
6009	-0.490509168265247	8.99699103302924	-3.81487874353585	0.000415528966200635	0.00796370918871612	-0.211231299652154
9731	0.758196308861103	8.56205384311877	3.80220426643037	0.000431887009746492	0.00826299287547626	-0.247359469274732
1863	-0.730449207579701	9.30899259621678	-3.80077158107095	0.00043377469203754	0.00827128451836965	-0.251439541434179
9002	-0.350624493983047	4.22107213333164	-3.8007478464373	0.000433806031318175	0.00827128451836965	-0.2515071276681
6539	0.561261642116511	7.54755846505514	3.79737068088374	0.000438287587462234	0.00834244835280679	-0.261121734078459
827	0.18574949437582	8.57668417835982	3.79676422469578	0.000439097081166598	0.00834359385459057	-0.262847831816509
4025	-0.316240444102202	3.92502925085886	-3.79600068313073	0.000440118302434046	0.00834875178467308	-0.265020831497111
5508	-0.308349912921604	5.80747414304136	-3.7948637879316	0.000441643122883837	0.00836124838283114	-0.268255973277351
1865	0.735849136239116	5.12179021540143	3.79407243064935	0.000442707509361213	0.00836124838283114	-0.2705075698093
6213	0.632050599199907	8.55443583793947	3.79383319223098	0.000443029775111843	0.00836124838283114	-0.271188213031353
6684	-0.374183309202211	4.94943984462798	-3.7893411348001	0.000449122970891106	0.00846190233650163	-0.283964331388272
4936	0.481716028591842	6.42012986028237	3.78741401378047	0.00045176169236471	0.00849724061567744	-0.28944305259885
4119	0.153965410565051	3.776692519062	3.78464737857745	0.000455576077101754	0.00855453561303209	-0.297306042696101
8957	0.226977501760391	4.15211239159309	3.78291912713928	0.000457974572089711	0.00857465597886619	-0.302216408884429
7913	-0.380715812760587	6.55336223011305	-3.78276596159926	0.000458187724061552	0.00857465597886619	-0.302651533868472
9595	-1.1643584962951	11.6604013201246	-3.77899632981314	0.00046346396065301	0.00865884429844173	-0.31335782770948
10961	0.975671658422168	7.31927605363182	3.77828262674096	0.000464469482484744	0.00866309495388212	-0.315384244698257
4783	-0.506750326422311	5.52081430501133	-3.77686544367575	0.000466472361367494	0.00868590258165057	-0.319407483641232
7535	1.16748439869855	4.5776032551915	3.77481332157735	0.000469387352392888	0.0087204450784018	-0.325231908470216
8148	0.669015262274752	5.42322905032572	3.7744580672865	0.000469893762644012	0.0087204450784018	-0.326240045833412
5034	-0.596073697466503	6.17548043633587	-3.77099429443397	0.000474859006069832	0.00879792850680129	-0.336067011529614
8618	-0.777151092010278	8.27948764449128	-3.76939471292824	0.000477169005635764	0.00882604132517315	-0.340603605705504
4806	0.441690060866432	6.00903949694587	3.76843181064004	0.000478564777791846	0.00883717877398376	-0.343334038844226
5706	0.429312759091711	11.5266362098147	3.76613397080334	0.000481911523192497	0.00888424637541134	-0.349848440403347
2857	0.466619361265596	5.31134726335316	3.76295053684881	0.000486585408253308	0.0089498923545655	-0.358870203923225
3780	-0.940306832085615	8.2370125913478	-3.76226263336984	0.000487601105607538	0.0089498923545655	-0.36081919799705
893	0.227508064653625	4.72134739129502	3.76160909720061	0.000488567951641059	0.0089498923545655	-0.362670654836538
6766	-0.253726689554247	4.57264965573408	-3.76106199001207	0.000489378766320051	0.0089498923545655	-0.364220475406129
7769	0.470067911552066	6.78908155209056	3.76098619709477	0.000489491193886878	0.0089498923545655	-0.364435169193869
3912	-0.29302201850197	7.08538900739831	-3.76028528504001	0.000490532073157382	0.00895422071247123	-0.3664204948367
6751	-0.553755054104972	6.18872217009738	-3.75951240337746	0.000491682302458722	0.00896052772156771	-0.368609457063209
6465	-0.203963472632826	5.43333688300753	-3.75517095723441	0.000498191851990836	0.00906432397372216	-0.380901113720783
6790	0.427204334426919	4.62051240118023	3.75327587709035	0.000501059290927596	0.00910162349833407	-0.386264280172885
2365	-0.25591154868247	4.69850188961721	-3.75207277229662	0.00050288794913904	0.00910953564395848	-0.389668412525634
4132	-0.423397683658688	5.46729889756744	-3.75191313911116	0.000503131066100985	0.00910953564395848	-0.390120046110537
6483	-1.39375560240586	5.72159242875289	-3.75013078138736	0.000505853249602486	0.00911902240766323	-0.395162024519931
490	-0.594172178669649	4.92610426189615	-3.74973636924859	0.000506457547162573	0.00911902240766323	-0.396277583462394
6250	-1.30254849959804	9.19219864172949	-3.74842538331284	0.000508471172483133	0.00911902240766323	-0.39998516075098
1029	-0.435390366228488	4.90602491506536	-3.7482945723497	0.000508672515861139	0.00911902240766323	-0.400355068965691
7208	-0.396989745517745	8.35239356727638	-3.74817817031626	0.000508851745685585	0.00911902240766323	-0.400684225996716
4840	0.517061547035814	6.65190336498996	3.74811171546946	0.000508954096695737	0.00911902240766323	-0.400872142039117
2706	0.642527607465577	6.24397233563611	3.74783033255123	0.00050938769084567	0.00911902240766323	-0.401667796870036
5334	1.08375503082137	7.8095853224311	3.74721801265947	0.000510332468988816	0.00912127133577923	-0.403399123760913
5599	-0.295372877439082	9.02804461071018	-3.74435046423563	0.000514779456475115	0.00918600841001668	-0.411505170465246
6882	-1.10074141740596	8.95102105275209	-3.73951043771668	0.000522370152449971	0.00930654663604869	-0.425179905945634
6710	0.275122500564122	8.20500083475029	3.73699495882699	0.00052635767657293	0.00935511818397579	-0.43228344211229
2802	-0.64690230313057	4.85978579822942	-3.7367316587912	0.000526776749111165	0.00935511818397579	-0.433026842214336
4266	-0.338467902831224	6.50783839215654	-3.73375072596306	0.000531543715687299	0.00938116922825498	-0.44144133181777
473	-0.269791466835146	5.19212367753084	-3.73371823138133	0.00053159590765041	0.00938116922825498	-0.441533037700714
7609	0.218844088952652	5.07432463100436	3.73335475547257	0.000532180049738731	0.00938116922825498	-0.442558808019671
3080	0.329578658114591	8.35637203259027	3.7332235974606	0.000532390985477303	0.00938116922825498	-0.442928938324928
5313	0.34979942350667	7.50200701006337	3.73318310436116	0.000532456125034319	0.00938116922825498	-0.443043209250788
3015	0.412546495691761	7.09898555758774	3.73147184224825	0.000535215986841843	0.0094148973356776	-0.447871787292413
6317	0.717383494489293	6.25233843969061	3.72896846757378	0.00053927816525408	0.00947139175095297	-0.454933390817948
1063	0.510845521989383	7.54295677263622	3.72843954427042	0.000540140229433483	0.00947159284211312	-0.456425085602808
6313	-0.452291104530231	6.36249070607781	-3.72741569022084	0.000541812726430405	0.00948598224654491	-0.459312300362473
9716	0.347451133429572	7.56804038027666	3.72601009580104	0.000544116930685464	0.00951136895319097	-0.463275342395478
7749	1.22455589016008	7.81883795622813	3.72412159661069	0.00054722762165172	0.00955075167255783	-0.468598719347812
8849	-0.200521067992837	7.96786276876321	-3.72118796183621	0.000552093813101366	0.00959111771146476	-0.476865424694424
7825	-0.400019671587776	4.73986879109139	-3.72117070634739	0.000552122558637146	0.00959111771146476	-0.476914039153622
3325	0.724053286532306	5.27321915031107	3.72116953316299	0.000552124513071299	0.00959111771146476	-0.476917344400622
9124	-0.285890276965582	7.48675428855953	-3.71876402740267	0.000556145935576425	0.00964592677981853	-0.483693322758227
3731	-0.439676408847666	4.86338221279429	-3.7128141228168	0.000566214201397923	0.00979559304574582	-0.500443718580338
241	1.07068176303443	8.19824594866646	3.71226252323038	0.000567156437561038	0.00979559304574582	-0.501995904195165
9852	0.375063591693825	8.50040596754189	3.71211175786985	0.000567414235698792	0.00979559304574582	-0.502420133005606
234	0.475101361708258	6.35501934532514	3.7102154974166	0.000570666351306984	0.00983430109065601	-0.507755139459235
9738	0.630441550035416	8.60783367033807	3.7097759180352	0.000571422793502868	0.00983430109065601	-0.508991667334561
10516	0.505116723938384	4.88020300875272	3.70730834543182	0.00057568701338634	0.00988759346152394	-0.515931498018554
10197	0.441103479710271	9.06096086441605	3.70658298455172	0.000576946323915303	0.00988759346152394	-0.5179710590388
569	0.272246004761229	5.9369112224015	3.7064466722881	0.000577183273461209	0.00988759346152394	-0.518354317260069
5985	0.583638538445922	6.01110804476058	3.70579640048906	0.000578314920418655	0.009891761350018	-0.520182534105654
11114	0.26085896344856	6.74591952064222	3.70306453091458	0.000583092470259592	0.00995818198825239	-0.527861283469933
