	logFC	AveExpr	t	P.Value	adj.P.Val	B
21609	2.34529715820592	8.8281195964524	18.073320472978	4.77076960797605e-11	1.63164036939277e-06	14.6317567508272
27384	-3.69910982664714	6.99383742262759	-17.3718226296967	8.09057899114512e-11	1.63164036939277e-06	14.2348068366558
30591	-4.01782511473546	7.44933300962748	-16.9040372246963	1.16338167153068e-10	1.63164036939277e-06	13.9567722201993
22803	-3.47596168227131	8.89577717645219	-16.4103170505038	1.72422659206452e-10	1.63164036939277e-06	13.6510638131982
41037	-3.92592886025516	6.88273378540421	-16.4093070402	1.72563389793881e-10	1.63164036939277e-06	13.650425076206
21216	1.72674082803194	7.72188281821674	16.2009659671873	2.04392027259696e-10	1.63164036939277e-06	13.5174747914817
3303	3.45431348841739	8.8198697351099	16.0960535587183	2.22745194355047e-10	1.63164036939277e-06	13.4496164455969
36304	-3.05330634453765	6.11360042086388	-15.1838871888822	4.80934072165568e-10	3.01293538719566e-06	12.8327796577189
38333	2.30150041011569	10.2683484945572	15.0746482964254	5.28832562695237e-10	3.01293538719566e-06	12.7555474580778
38227	-2.90655349401145	7.46253573567461	-14.7616006907293	6.9658175043968e-10	3.5717925835545e-06	12.5300431666624
9375	3.38701838674883	8.6590299755545	14.4536946515107	9.18077589856829e-10	4.02085645190532e-06	12.3020348733189
44175	-2.95261216304019	7.7588832499795	-14.3822621509568	9.79534838127651e-10	4.02085645190532e-06	12.2482357929524
40494	1.74600439134903	9.05797571076564	14.3384317774038	1.01940740063127e-09	4.02085645190532e-06	12.2150542467344
34532	-2.06544788164281	7.98657055453188	-13.8363099783425	1.62275323891431e-09	5.65737037051902e-06	11.8254371598731
49909	-2.40278175690136	6.04102046422328	-13.8154175327387	1.65497612055904e-09	5.65737037051902e-06	11.8088395714564
19427	-3.40625950317746	7.30199861050161	-13.6187942449909	1.99394439169561e-09	6.39009328928651e-06	11.651083130641
20936	4.53352644126068	7.62643503960331	13.4640680662674	2.31264640075116e-09	6.97548569675979e-06	11.524940143536
47904	-2.59874547563808	6.4013533521171	-13.1460972902573	3.15126119957647e-09	8.9768927371935e-06	11.2600333597338
44532	1.99701228082812	7.10359881538623	12.9846563599894	3.6964550387284e-09	9.97575939820196e-06	11.1225404901895
40854	-3.05755714305628	6.98426461315197	-12.8133826329428	4.38651950474103e-09	1.12266849088293e-05	10.9744141738622
35354	-2.48707399833434	6.16884779507609	-12.7666348321495	4.5978700188278e-09	1.12266849088293e-05	10.9335743276502
49961	-2.05413757846208	7.1761549736069	-12.6617829585921	5.11243375502457e-09	1.19156887828473e-05	10.8413262882686
45259	1.54108327484884	8.7301119704431	12.5596837418205	5.67286333137597e-09	1.26470321817232e-05	10.7506312282336
39843	-2.34343148437513	9.23839224065632	-12.1807362987803	8.39918253514463e-09	1.71367641129996e-05	10.4063450982009
21401	3.36003234922261	7.27702863518597	12.1780195195955	8.42315825827677e-09	1.71367641129996e-05	10.4038323944653
40530	1.51855810751701	10.174212915646	12.1295844323624	8.86306935400061e-09	1.71367641129996e-05	10.3589276873159
11110	2.56519231830235	7.18656510076257	12.112547886056	9.02357108688255e-09	1.71367641129996e-05	10.3430842095007
21442	-4.26781591103348	7.23117083272553	-11.8628450281268	1.1767501298609e-08	2.15496570209813e-05	10.1079239603824
39520	3.05771546642771	7.26616634637235	11.7000774170257	1.40261703249742e-08	2.41851761964619e-05	9.95161867774956
38398	1.81854260008369	7.42262788274012	11.6919783309231	1.41499977746676e-08	2.41851761964619e-05	9.94377793979735
32891	2.07006708084833	9.04936329977652	11.6235081682999	1.52445804321081e-08	2.5215519556025e-05	9.87725018337373
22266	-2.93102082929048	7.04380520468998	-11.5327034165741	1.6837346548288e-08	2.6979743175313e-05	9.78835037871692
31984	-3.61075813316454	6.76618160689195	-11.303775369511	2.16936834685374e-08	3.3708039804022e-05	9.56077723840923
7398	3.85344613966195	8.08283764549111	11.1069724248791	2.70654057266057e-08	3.80572124705866e-05	9.36111287444523
26344	1.56147365122833	7.71177031671236	11.1054201557223	2.71130178663656e-08	3.80572124705866e-05	9.35952299410146
38205	-1.66229513869009	6.59126903631975	-11.1049068886564	2.71287807130223e-08	3.80572124705866e-05	9.35899723847983
9029	1.7673218288026	8.40871362751783	11.0941457819619	2.74615192568006e-08	3.80572124705866e-05	9.34796832218749
42754	1.46118605921041	11.5211610582227	11.043038795489	2.91021661261472e-08	3.92695439548506e-05	9.29543333259104
45007	-1.51317769504866	7.56435357031999	-10.8865976388995	3.48061955724342e-08	4.47540356561259e-05	9.13300426354942
37801	-2.12456833960388	7.30203941448387	-10.8839535309875	3.49122674593384e-08	4.47540356561259e-05	9.13023783473763
5975	4.15365833523168	8.43679518843595	10.8489626976435	3.63488349772622e-08	4.53292122670054e-05	9.09356166364691
38168	-3.58573367085052	6.55335517535893	-10.830571337867	3.71290060693936e-08	4.53292122670054e-05	9.07423471994887
40180	-1.69746663924467	5.73483753476406	-10.7955851178157	3.86627575465941e-08	4.58155812204154e-05	9.03737374322458
40490	-4.05583302636857	9.16158741360608	-10.7786666989506	3.94284950578912e-08	4.58155812204154e-05	9.0195039581956
5681	1.76824186623303	7.36859709629683	10.7599781061759	4.02931484769226e-08	4.58155812204154e-05	8.99973042935689
11372	-2.47601527495834	8.73665586582326	-10.7276372059014	4.1837466345391e-08	4.58155812204154e-05	8.96542741628095
30326	-3.37023310820999	7.95909370077118	-10.7244111000351	4.19949355909105e-08	4.58155812204154e-05	8.96199968825477
38317	3.77405374002359	8.98441964720627	10.6417426744321	4.62529260302641e-08	4.94096882318296e-05	8.87379823621689
22054	-1.66089527633067	7.6398387890021	-10.5625304777423	5.07659031623996e-08	5.31239275623511e-05	8.78861828187895
35547	-1.95989991461365	7.98422136461192	-10.4859675133811	5.55753399707052e-08	5.69936226467576e-05	8.70566193561669
39738	-1.91823679893988	9.45760681225937	-10.4425923924773	5.85131224595663e-08	5.8829781710524e-05	8.65838996848776
27454	1.02999507824115	6.43695843843811	10.4095150949889	6.08642924671612e-08	5.96570050416394e-05	8.62220661480081
32061	-2.35869621907484	6.62828097613043	-10.3985897058734	6.16627909198628e-08	5.96570050416394e-05	8.61022966854417
39264	-3.51797282709508	8.52041003342772	-10.3780318377838	6.31956545132617e-08	6.00077848300371e-05	8.58765853519208
39157	-2.11966847062386	6.90113038286929	-10.2964622345384	6.96890380571795e-08	6.49704566439988e-05	8.49765351664706
36594	-2.27772201779038	5.8828261950726	-10.2030517101485	7.80069256974129e-08	7.08678035973957e-05	8.39369908515715
22220	-3.06000494797054	6.87067489987743	-10.1619973836608	8.19909620510896e-08	7.08678035973957e-05	8.34770963645582
39410	2.90414064180801	8.87706798368651	10.1586121311311	8.23289956888641e-08	7.08678035973957e-05	8.3439091974327
19178	1.49080197727302	9.42997606771675	10.150828600367	8.31118506289265e-08	7.08678035973957e-05	8.3351662755083
331	-2.10960496144242	6.78212037963572	-10.1392020821171	8.42960007864998e-08	7.08678035973957e-05	8.32209427653342
30768	-2.39983126115301	6.95585672544199	-10.1373583520634	8.44854246965439e-08	7.08678035973957e-05	8.32001995610502
41064	-1.89762581974373	8.52171899879808	-10.1233088165527	8.59438140082394e-08	7.08678035973957e-05	8.30420098447057
37700	1.80487926305175	8.34087550636892	10.1126190104147	8.70713711411953e-08	7.08678035973957e-05	8.29215029508605
43148	3.6117396269407	6.68108942997825	10.093501753168	8.91272456447366e-08	7.14076351199924e-05	8.27056781519996
43592	2.51059039208408	8.51320081100976	10.0632232005482	9.24896928237619e-08	7.29615613727879e-05	8.23630197463383
1688	1.1844283934085	10.2870609821844	10.0284299936708	9.6520729948817e-08	7.49878325584172e-05	8.19680123833816
3563	2.00186638343528	8.38704798777254	9.97950028160672	1.02508490864011e-07	7.84511250379559e-05	8.14102286076687
24056	2.98837831105112	7.57116770176263	9.95789664948433	1.05276745041017e-07	7.93848585106355e-05	8.11631005904574
5354	1.24512145315367	9.9811567040052	9.93857967580972	1.07819310920042e-07	8.01238114019723e-05	8.09416859783345
40236	-1.84015789078647	9.80516396590155	-9.9192080617801	1.10434703074495e-07	8.08949976406829e-05	8.07192230320612
37038	2.86970869621333	6.90571337354791	9.88272114008944	1.15545692410298e-07	8.34467735778932e-05	8.02990575187692
39800	-2.14848421697656	8.72479764281104	-9.7591414664508	1.34808551379578e-07	9.60061566741561e-05	7.88647278590345
9285	2.42588366453796	7.60161633139818	9.71459176269849	1.42566123109046e-07	0.000100140007240266	7.83433694501019
24811	-1.93909410527779	6.09539657644753	-9.64814998375752	1.55029341620644e-07	0.000107422763796489	7.75615488858651
27568	-0.955234968900881	7.0923524877194	-9.59089366913772	1.66698761745018e-07	0.000113320079007806	7.68836941316102
13907	-1.12585785823003	5.23892791220109	-9.58496100218492	1.67960176390382e-07	0.000113320079007806	7.68132384676418
11865	1.68330215470618	7.93161775389084	9.53911376024288	1.78056937975552e-07	0.000118572046125122	7.62673688025487
2168	-1.37232451290148	6.17377569787954	-9.51778638740823	1.82971653355964e-07	0.000120282749967697	7.60125963056453
47248	-2.09585728444151	7.19131337044914	-9.4755587917764	1.93132664814463e-07	0.000124916770224831	7.55065683248497
46069	2.02063544289965	10.7587559675334	9.46181875065245	1.96566715260144e-07	0.000124916770224831	7.53414609875171
15699	2.27559762026749	6.62660734199074	9.45880205259238	1.97329323430285e-07	0.000124916770224831	7.53051807892944
41095	3.69786337413965	9.07587758996094	9.37047716016383	2.2110925494687e-07	0.000138263392154338	7.42381357941272
29357	1.32677210030903	6.08310267042106	9.35569025876827	2.25379152610832e-07	0.000139235438906904	7.40585841494512
33978	2.44797680672977	7.7296201980474	9.30183421524616	2.41685879319898e-07	0.000145552349034214	7.34024059124511
24875	-1.84884659517489	7.79246892749629	-9.29460057073008	2.43969752420361e-07	0.000145552349034214	7.33140049881775
19965	-2.48376795220534	6.67344096713446	-9.29412691754125	2.44120095501646e-07	0.000145552349034214	7.33082143589389
41137	1.68245776380623	8.17095816034815	9.28406038323503	2.47338694904164e-07	0.000145639417886674	7.31850820986489
1203	-1.96036858833763	6.48874719016503	-9.27600489209596	2.4994673480824e-07	0.000145639417886674	7.3086460179173
39521	-1.6540256601391	6.89052804593416	-9.20520966107608	2.74163031819603e-07	0.000155206108319604	7.22163348388496
39743	-1.60033778342346	10.8476073074734	-9.204520269164	2.74410736767669e-07	0.000155206108319604	7.22078316736017
10895	1.52841020527708	6.95419469131159	9.2016468557776	2.75445741810671e-07	0.000155206108319604	7.21723838810884
48093	4.1995872080177	9.34844434033808	9.15388313167317	2.93270751879622e-07	0.000163453816014994	7.15816672303133
34047	1.20482310330262	8.28480845704269	9.1120107365057	3.09905006365029e-07	0.000169834999041705	7.10615060439996
47519	-2.72514536787412	6.68915436581123	-9.1085004106513	3.11344291869886e-07	0.000169834999041705	7.10178007267873
11521	-1.29999002528275	6.68939261351866	-9.08726754627126	3.20202641425652e-07	0.000172132928322082	7.07531163631442
25097	1.02399967368655	10.6972468257819	9.0823998758704	3.22270869781572e-07	0.000172132928322082	7.06923584515541
50464	1.31302569811272	6.88719649008056	9.0719062193301	3.26777891443603e-07	0.000172740857336723	7.05612775684925
38960	-1.50388822685931	5.41180444868739	-9.06074463649094	3.31645263760758e-07	0.000173524923924455	7.04217035106791
37535	-1.97072236364089	6.8152041477697	-9.01796477097682	3.51025132196285e-07	0.00018180974422724	6.9885313602371
51269	-2.19382091961547	9.12030929414615	-8.99413643354855	3.62337487616688e-07	0.000185792170150333	6.9585556285244
26000	4.18561938555763	7.43568945265997	8.98231321093368	3.68093443050945e-07	0.000186874845404755	6.94365583986706
29021	-3.23056248851134	7.76694064979798	-8.96924672068174	3.74567662270431e-07	0.000188297367162535	6.92716891680912
16409	2.59018403629147	9.28946298875276	8.95683083777036	3.80831506510335e-07	0.000189587537163339	6.91148308690381
41531	-2.57558840758263	6.55570937524856	-8.94208888063716	3.88413445267385e-07	0.000190553533459587	6.89283344724951
29041	-1.02441339183015	5.58815505186504	-8.9386511842696	3.90204403878162e-07	0.000190553533459587	6.88848058750814
48410	-2.05295498718119	6.14651811612845	-8.9190332070097	4.00593922235042e-07	0.000193781641099283	6.86361157759776
4892	-3.12170795330751	7.5384668056554	-8.90033818630232	4.10767956086637e-07	0.000196846146881294	6.83986744824824
6210	-1.45950070576872	6.1344893798835	-8.8821129228816	4.20950463603707e-07	0.000199857925664293	6.81667747719345
22911	3.19453471578111	8.2103219245587	8.85845471117582	4.34569319344629e-07	0.000204430976318488	6.78651190527791
37795	-2.46577878158844	5.79893326923616	-8.83888303739684	4.46188838018786e-07	0.000207988898711375	6.76150327307406
23050	1.45270679136696	6.7450402823588	8.82670983133847	4.53581768794508e-07	0.000209530259249614	6.74592384113239
24253	-1.50195343431229	6.18664666777254	-8.80715386915549	4.65731542333841e-07	0.000213221880042054	6.720856382439
38020	2.41446605282381	6.77989017740161	8.76478670967895	4.93252816376845e-07	0.000222804825001114	6.66638146078341
48175	3.05653280399598	6.02992846294276	8.76165629938158	4.95353577699644e-07	0.000222804825001114	6.66234733124523
15386	1.05132187645441	7.6053936241787	8.75166584804126	5.02121663588845e-07	0.000223885134105927	6.64946433710658
31742	-2.08946453456197	7.25320936253773	-8.728588455965	5.1813314546549e-07	0.000229032716955935	6.61965639180189
41316	1.27297062211781	9.47058496855688	8.71304974859088	5.29218465221585e-07	0.000231933384809419	6.59954725408724
14661	1.95886884212455	6.6843537997982	8.7021205016113	5.37165826611959e-07	0.000232915850770208	6.58538475277273
48241	-1.98086129292819	6.62770538493846	-8.69752525395251	5.40545016024158e-07	0.000232915850770208	6.57942547457251
35791	3.66307410061282	7.08702742798102	8.6908505752916	5.45493539537829e-07	0.000233089389444514	6.570764668294
22467	2.13657547264226	6.79283346963968	8.66650872140471	5.63951073263315e-07	0.000238984753988841	6.53913088673112
45039	3.2063191940155	6.58648802055896	8.62333831561424	5.98332781187685e-07	0.000251476325312949	6.48283962855054
19510	1.40104369782289	8.83180214934025	8.61228884641761	6.07485204152328e-07	0.000253247246570039	6.4683930090222
446	-1.94335979361382	6.93532758388607	-8.59799721000207	6.19543772200368e-07	0.000254578667790327	6.44968387060814
2449	4.24121675683892	8.37401459133643	8.59674922522517	6.206087345696e-07	0.000254578667790327	6.4480488752971
24962	1.77835522545433	8.83798470975049	8.58893093356934	6.27324736233116e-07	0.000255291295040391	6.43780144898349
30207	-1.6185390875215	5.92454087566842	-8.55778823385306	6.54850792637609e-07	0.000264394718451071	6.39690360906031
37892	-1.93288750961298	5.8262035862077	-8.53077815579402	6.79760906865344e-07	0.000272307970784589	6.36133022206034
16390	2.66905578773808	11.0224095607121	8.52447895310873	6.85713510376883e-07	0.0002725631469619	6.35302016758933
23456	-1.10382294677616	7.76275097306374	-8.51508125859196	6.94696991467571e-07	0.000274009868726855	6.34061283388005
31743	-1.42012546118628	6.79095199322022	-8.48475220839075	7.24549760916971e-07	0.000281209700654228	6.30049165719568
5801	2.70374634481896	11.0242800400955	8.48107810011451	7.28257416748634e-07	0.000281209700654228	6.29562309584699
43986	-0.626755744566153	10.1616630197627	-8.47852023734245	7.30850498492165e-07	0.000281209700654228	6.29223262151494
42757	1.08538068986278	9.25906428158937	8.4700933932542	7.3946278767051e-07	0.000281209700654228	6.28105664944429
49395	-2.03739253100022	10.6166664947435	-8.46602193570096	7.43662302426477e-07	0.000281209700654228	6.27565358633881
37192	-2.73797708538836	6.79255517456938	-8.46304028126112	7.4675375889562e-07	0.000281209700654228	6.27169536856495
1281	-1.30382072880509	5.32431254852647	-8.44847896326498	7.62048119250779e-07	0.000281209700654228	6.25234800571201
25685	2.05779257609086	9.78057046501432	8.44700906559931	7.63610348810963e-07	0.000281209700654228	6.25039342235337
11418	-4.75859679236362	8.85115447542011	-8.43764401818183	7.73643659872321e-07	0.000281209700654228	6.23793362528993
32957	1.44669357691337	7.93297287185536	8.43384815287546	7.77750072692657e-07	0.000281209700654228	6.2328800836374
7324	-1.32594098341282	5.64133204046212	-8.43084026588071	7.81020434986708e-07	0.000281209700654228	6.22887424519127
10243	-1.1774108324162	6.78729060984827	-8.43076636806	7.81100964391615e-07	0.000281209700654228	6.22877581460678
22787	-1.36640855019799	7.29364968969991	-8.4252359118143	7.87152752770088e-07	0.000281209700654228	6.22140729288189
3577	1.94479198637491	7.1909191298078	8.42289431618881	7.89730027580326e-07	0.000281209700654228	6.21828623935238
29	-1.33429488936631	6.78649938873503	-8.40841979138189	8.05861079026586e-07	0.000284974708194257	6.19897737919479
21445	-2.40116202648984	6.15900146532194	-8.40089540484227	8.14384112219462e-07	0.000286016162590172	6.18892894901268
11151	-1.96500678606872	10.1296056596754	-8.39091799579001	8.25833247684131e-07	0.000288064119784024	6.17559303893305
46321	2.6539549329324	8.05081461795814	8.38389730012179	8.33991642797061e-07	0.000288944293757176	6.16620117282332
24576	-1.59103020688107	6.3933929558388	-8.37905029697427	8.39673878974327e-07	0.000288960522270386	6.15971331715092
43366	-1.22796651100101	6.46858043424554	-8.36991953442584	8.50489712052804e-07	0.00028928948062308	6.14748303119366
7638	1.84566424704755	8.1752413458859	8.36196020349663	8.60038307008237e-07	0.00028928948062308	6.13681277225887
39758	2.32707094750498	6.80313623905199	8.36179966197166	8.60232068405387e-07	0.00028928948062308	6.13659746384131
28936	4.08661425491625	8.49198709724968	8.35934780639613	8.63197022687636e-07	0.00028928948062308	6.13330875905723
37167	-4.23012271299129	9.59850183002986	-8.34278898184609	8.83506610764674e-07	0.000294173279049152	6.11107720481092
6624	0.729846682310098	10.8653879734029	8.31592866810251	9.17534584280586e-07	0.000303532279635944	6.07493717883173
41924	-0.885090765552768	5.19557276687002	-8.3103978830569	9.24712002468537e-07	0.000303945722042158	6.06748363191846
3658	-1.681050196825	7.95168051124523	-8.29525412833621	9.44670295343366e-07	0.000308528115057493	6.04705421784114
13948	2.65074113935909	7.32687660862756	8.24931031999297	1.00806106101397e-06	0.000327147714965521	5.98488611077818
10634	-0.995410391390535	6.51104675792639	-8.24470531957488	1.01465863268736e-06	0.000327217836790423	5.97863927000368
24688	-1.01025596903547	8.65681637944571	-8.20451111133271	1.07422327866739e-06	0.00034426170523093	5.92399296297837
12324	-1.08110750957713	6.43656655138707	-8.19857782846348	1.08332481204206e-06	0.000345022130821543	5.91590783393218
30837	0.732221812219023	8.15051448127451	8.18016050823158	1.11210023791233e-06	0.000352000319748102	5.89078066831826
44913	1.32520007909122	8.69420906303901	8.16291714303092	1.13977543136087e-06	0.000353435830641476	5.86721346698103
24879	-3.03301651929716	8.05828146824208	-8.16243908966759	1.14055300266938e-06	0.000353435830641476	5.86655951720464
39515	-1.89786828386701	9.6535576472631	-8.15701913673866	1.14940812543827e-06	0.000353435830641476	5.85914315904136
8278	-1.85887715372797	7.85345366552609	-8.15677685863488	1.14980565464245e-06	0.000353435830641476	5.85881154614337
2489	-1.32615398540709	5.95619002588813	-8.15598885686279	1.15109961223821e-06	0.000353435830641476	5.85773293065105
39560	1.92388701926631	7.52828053173876	8.14409410637132	1.17082000950487e-06	0.000357350992901022	5.8414411618867
26549	2.7355100031644	11.1080231828779	8.1369524488813	1.18283173564232e-06	0.000358880947199973	5.83165026964424
43429	-2.55187019910473	6.84591062671946	-8.13112249691555	1.19273394726369e-06	0.00035908057445644	5.82365251939537
7857	0.844246887339917	7.03846639506169	8.12833734336058	1.19749547999164e-06	0.00035908057445644	5.81983010561837
44977	0.736336772762919	9.12632343797578	8.10025583953347	1.24664341002346e-06	0.000368534112204393	5.78123126037425
46051	-2.07056469717411	6.02159031462491	-8.09999199861775	1.24711517674553e-06	0.000368534112204393	5.78086809300485
34987	1.80713509023201	10.5640153208262	8.09805536195129	1.25058381159927e-06	0.000368534112204393	5.77820209240156
15596	-0.982976485080324	7.06824188034536	-8.05734638634727	1.32590877126415e-06	0.000388498846601945	5.72204282773446
15035	1.43835093195715	8.0336153452644	8.02998399922463	1.3792256079703e-06	0.000401824842467528	5.68416793428345
18471	1.22984943860936	7.46995267797946	8.01958643059968	1.40007638459862e-06	0.000403896678789128	5.66974869609632
47600	-1.9380489948784	7.58159915101885	-8.01859059079291	1.40209081879368e-06	0.000403896678789128	5.6683668956796
40665	3.06041480811061	8.02647957877444	8.00357744512547	1.43283455163437e-06	0.000410447064076001	5.64751851797974
19830	-0.997454024914506	7.95010650279962	-7.99576621269693	1.4491115951223e-06	0.000412803589730506	5.63665897643885
45226	1.71534807450191	8.862262289159	7.98933213903791	1.46266581449692e-06	0.000414362719912398	5.62770770735053
33818	-2.25016896599237	7.16479318260019	-7.98238737197312	1.47744649489792e-06	0.00041625025534278	5.61803953794564
11286	-1.7134690079872	6.46544566092762	-7.9778338141374	1.4872236170021e-06	0.000416715181340983	5.61169668114159
32212	0.895134909353672	8.42155460500108	7.9651857016833	1.51474163799781e-06	0.000420742730518805	5.59406352706364
3897	-2.78018308679257	6.91850652860428	-7.9637003035907	1.51800852535258e-06	0.000420742730518805	5.59199123352416
44308	1.17327784269426	8.27349326434841	7.94858478027389	1.55167957551352e-06	0.000427763021043178	5.57088606369992
36641	-0.819490920544083	6.12958738556673	-7.93694275647228	1.57815129488112e-06	0.000432734148643447	5.55460923392071
49608	-1.79970715078544	5.71282482883977	-7.92615264822451	1.60311262563968e-06	0.000436101450744205	5.53950670447129
43504	1.57156440871185	8.04494351810035	7.92388001969025	1.60842305422179e-06	0.000436101450744205	5.53632372895767
32293	-1.03181288909074	5.80602405778019	-7.92067384194634	1.61594655670097e-06	0.000436101450744205	5.53183203377496
41262	-3.75917899097558	7.72754070206883	-7.89913446108714	1.66746487553989e-06	0.000447648842713001	5.501619431056
4961	-2.11137396182297	6.77875664635967	-7.88885192333672	1.69266871467388e-06	0.000452048338612594	5.48717370389509
18763	-1.30147058235138	7.48422656095586	-7.87833400665846	1.71886669382419e-06	0.000455380450805137	5.47238207555146
42442	-1.16051169732093	9.25734991895119	-7.8767267932954	1.72290754848655e-06	0.000455380450805137	5.47012045151276
38930	0.905966451341622	8.79680780666371	7.85665254737305	1.77423310307969e-06	0.000466541418428278	5.44184222491261
31009	-0.762845770633739	10.7962975406132	-7.844755591268	1.80541193206218e-06	0.000472317868512349	5.4250566677703
1829	1.74252498269473	6.67395896947164	7.83401067568269	1.83406962056872e-06	0.000477379461240007	5.40987954861263
13888	-2.36351573039181	8.07182997630044	-7.81608158800417	1.88296411964669e-06	0.000487630647469717	5.3845188935011
45828	-1.54662157601212	7.57488120924711	-7.81024902504011	1.89916567866041e-06	0.000489354871050208	5.37625904734576
5844	-1.34485440963809	5.85033134605012	-7.79664696554497	1.9375244785026e-06	0.000496312363868432	5.35697782751325
10769	1.43621475250031	6.48558798708093	7.79384555673502	1.94552588223642e-06	0.000496312363868432	5.35300354756239
50859	2.86627755337581	10.9338415439253	7.7865801469436	1.96644060235109e-06	0.000499164397654229	5.34269118481106
6822	-1.40381858721764	7.58711117759463	-7.77134938697601	2.01106014341287e-06	0.000507975960165707	5.32104893016364
39775	1.94701449136252	7.52418264888138	7.76710453922067	2.023685502798e-06	0.000508659303144463	5.31501137729833
49322	1.34603155298693	8.32863207907418	7.75845537271991	2.04967051916062e-06	0.000512677588002342	5.30270161265926
15139	1.75511253367631	9.45344427914105	7.74357097528903	2.09521738454531e-06	0.000521526051504589	5.28149303088356
23772	-1.94257205785642	7.39888357646735	-7.73818233999083	2.11196952845651e-06	0.000523156277976502	5.27380714452701
45697	-1.03281224296237	7.69289229251098	-7.72704121724971	2.1470554851294e-06	0.000529098229452687	5.25790342834175
48221	-0.880625476369332	5.98306395963168	-7.72404552937013	2.15659431226327e-06	0.000529098229452687	5.25362416196458
17885	-0.773779883244456	8.33132662010613	-7.71973377164385	2.17040245099317e-06	0.000529950267033932	5.24746269989543
13182	-1.15840922819718	6.58961131309227	-7.70877961020195	2.20590438291423e-06	0.000536066128617584	5.23179750363695
31315	-1.38358322959344	6.25700532974285	-7.60206302492565	2.5856794579973e-06	0.000623772626504139	5.07829655495271
44357	-2.02971732105243	5.75140505711002	-7.59840002053014	2.59988236751141e-06	0.000623772626504139	5.07299898312143
30482	1.26044352893695	6.7518732585267	7.59751908967627	2.60331036102437e-06	0.000623772626504139	5.071724663413
38670	-3.67618179439203	7.19093462375745	-7.58811729945109	2.64019466919424e-06	0.000629668008640019	5.05811751845569
6105	2.51182514409618	8.37581333541221	7.58187917938906	2.66497188258951e-06	0.00063088445343683	5.04908217767494
17105	-1.43961354630373	8.26238483977781	-7.58064508740676	2.66990261322631e-06	0.00063088445343683	5.04729405192177
9051	2.02000806506557	7.30328736621201	7.56679342228555	2.72591180355133e-06	0.000641164466233477	5.02720890733343
23518	-1.9630197207926	6.0855543433412	-7.5489442398798	2.79992114706398e-06	0.0006507866016156	5.00128689742956
23251	-1.28652754645069	6.57500250575855	-7.54870085555295	2.80094485377889e-06	0.0006507866016156	5.00093312060857
5028	-2.18492559246115	8.24592935440046	-7.54776239692309	2.80489583737124e-06	0.0006507866016156	4.9995689234472
10510	-1.91528183485906	6.60828152963724	-7.54337428117286	2.82344840985868e-06	0.000652140273260873	4.9931884361814
459	-1.31863840002649	9.27241959884454	-7.52454104088753	2.90455794655904e-06	0.000667865978779199	4.96577290197975
21510	1.67901211451125	9.01510498620898	7.5167471219023	2.93884077420093e-06	0.000672732140794316	4.95441244216315
42139	1.32746325716236	6.8190404379495	7.50831966820282	2.97639162638344e-06	0.000673714585398939	4.94211874324707
12392	-1.65663154537431	5.34116131587952	-7.50693179353884	2.9826241211319e-06	0.000673714585398939	4.9400931797333
38576	0.975397039721184	6.78937318049628	7.50431545292082	2.99441076578653e-06	0.000673714585398939	4.93627395396317
4986	1.91751848366692	6.75946672299267	7.50403247302023	2.99568853793116e-06	0.000673714585398939	4.9358608127775
50491	0.929523493356127	8.35096619090405	7.48342167164945	3.09032081397484e-06	0.000691961965316043	4.90573883301314
4166	-1.30475205650763	9.71559765322936	-7.47890795003864	3.11146334571793e-06	0.000693666932674055	4.89913404153432
6610	1.68933140813963	7.51761305354337	7.46656924068693	3.17004168582964e-06	0.000703666915509094	4.88106424127118
4828	2.08083736825656	8.7473784786723	7.44759835668663	3.26238874751008e-06	0.000719296247379237	4.85323903145869
21059	-1.84428173947445	9.19428799216287	-7.44636133307491	3.26850818393327e-06	0.000719296247379237	4.85142284966851
49140	-1.42461792551353	5.43646205488356	-7.43765364468252	3.31192864239992e-06	0.000725736978921788	4.83863209925654
11851	-1.4811396127529	6.50605615236341	-7.43476341564056	3.32647489059301e-06	0.000725822665915095	4.83438421789549
13654	1.65437540022726	6.06475621306029	7.42307119139303	3.38601264739574e-06	0.000735682985202814	4.81718741360161
16178	-0.916046694969691	6.50698997993902	-7.41749652211592	3.41479437529107e-06	0.000738805891930062	4.80898130509023
2269	1.4575872864748	9.01303070856112	7.40699225013558	3.4697314585398e-06	0.000746806705655173	4.79350646064471
39398	1.84987561538219	6.80416481188305	7.40487760153453	3.48090339830694e-06	0.000746806705655173	4.79038924378355
4120	-1.15712011606984	8.57375593768625	-7.39767805836751	3.51922500833524e-06	0.000751882423030825	4.77977150850579
40227	0.745754895774682	10.7519197556013	7.39364957234067	3.54086183921354e-06	0.000753366106504205	4.77382711396611
32661	-1.07507317235144	6.07404138901855	-7.38738275906317	3.57480019130093e-06	0.000757444027310523	4.76457520259654
13188	2.20042605455958	8.31028431156415	7.38108456740439	3.60925458967078e-06	0.000761597277119172	4.75527124455643
46616	-1.08209535378285	7.36610172982326	-7.37252035957065	3.6566686352418e-06	0.000768439921887946	4.74261062335187
33322	-1.88567223993144	6.06671990783567	-7.33984052139793	3.84372212007403e-06	0.000804379642352918	4.69420183628435
22986	-1.14550623041055	8.83081575343593	-7.33723492951932	3.8590645139796e-06	0.000804379642352918	4.69033549781324
37274	1.83294497031531	6.9214472434223	7.32658825447825	3.92242960380909e-06	0.00081427732941261	4.67452706585977
22212	-1.28838787328934	6.82685545019205	-7.31562873652926	3.98880462932715e-06	0.00082401756096068	4.65823692845444
32440	1.97635690618772	6.7250453349332	7.31355619458249	4.00148944299885e-06	0.00082401756096068	4.65515435751025
24300	1.80372042009936	6.93475721121674	7.30807094537629	4.03526727033726e-06	0.000827649458215253	4.64699292441841
11917	-0.862525156974436	6.73337446267396	-7.29489390727627	4.11764607533531e-06	0.000841180956808341	4.62736910074984
11699	-2.4042742399512	7.6146548611707	-7.29048127187542	4.14562757593064e-06	0.000843536506283411	4.62079196584357
2188	1.41206971235673	6.16043441323301	7.2699296222533	4.278618631673e-06	0.000867155924733853	4.59012191696727
36846	3.53531801947787	9.58055218028781	7.24817889565379	4.42428343638916e-06	0.00089177064872814	4.55759540671464
30896	-1.58474106177829	5.63877193974321	-7.24663016718567	4.43485286343856e-06	0.00089177064872814	4.55527677328154
3411	-2.45994644995684	6.59591643735189	-7.23981485257281	4.48168204522639e-06	0.000897666908402454	4.54506926573802
20824	-2.20764142356239	7.79659380948033	-7.21094060280246	4.6859449995517e-06	0.000934928077031179	4.5017481658181
10084	-0.987366920357409	5.62974285087261	-7.20088302547143	4.75938117978913e-06	0.000945899338662278	4.48662979661525
5873	1.53977424646571	8.71426302541819	7.19629800020047	4.79326097083064e-06	0.000948954631429776	4.47973275854866
18583	-1.68053822097153	10.2770699795501	-7.19141608328001	4.82961430762058e-06	0.000952474243221356	4.47238573858667
49358	-0.912521572796304	6.14327403079639	-7.1879737640904	4.8554223644611e-06	0.000953895161532978	4.4672031378473
18558	1.0566233194596	10.2320758813429	7.18206419937851	4.90006781161812e-06	0.000958991897360803	4.45830191741203
38429	-2.91530846755155	9.20517992397955	-7.16930683619152	4.99792943969912e-06	0.000974425208935408	4.43906883020203
13196	-1.4582280419798	10.0787618498618	-7.15852221910237	5.0822656471799e-06	0.000987114595927259	4.42279126295804
38243	1.55413535957465	7.72772548369737	7.14731445454458	5.17150282381022e-06	0.00100065652374978	4.40585695122369
30601	-0.923648132913157	10.832738584353	-7.14163576016419	5.2173462837061e-06	0.00100573175956133	4.39726972307181
50673	1.14348704042098	8.50137723657102	7.13460911364488	5.27466547716772e-06	0.00101297283523315	4.38663759113355
37394	2.04677815668661	6.5905784108743	7.11153846266155	5.46757700934517e-06	0.00104610253257904	4.3516780190438
31974	-0.655049739065715	5.07093866920795	-7.09683260298809	5.59441466137831e-06	0.00106338269381987	4.32935300288773
26389	-1.444644446479	6.92337402958246	-7.09626515516717	5.59937060869347e-06	0.00106338269381987	4.32849092090291
39424	1.97221070493228	7.6665865901791	7.08853033881813	5.66738799205336e-06	0.00107232836413479	4.31673525454177
42817	-1.64507374551221	7.89833212919459	-7.06541940201804	5.8758565841403e-06	0.0011076853757661	4.28155789289166
45560	-1.96757589607423	7.42431613552664	-7.05809813561836	5.94357062880679e-06	0.00111634625480841	4.27039771367006
24717	-0.798389355299734	6.18163303826089	-7.03134168985949	6.19811893884273e-06	0.00115990783470109	4.22954425996848
3973	-0.833154480298056	6.33149243535395	-7.01986560664766	6.3107943868807e-06	0.00117669924720616	4.21198946086924
51226	1.8493760837357	6.60750288549029	7.01417013145521	6.36751372764735e-06	0.0011829733112277	4.20326995165123
9745	-0.997921008653089	6.03349883691475	-6.99851505746095	6.52620236131886e-06	0.00120807780606132	4.17927805897848
35006	0.994140543850135	7.76115837902904	6.99548796424536	6.55736457776979e-06	0.00120947994996303	4.17463476311221
5324	-1.17976574293409	6.40354734807896	-6.98887906550403	6.62594554608878e-06	0.00121398713593255	4.16449258189052
6544	-1.09151846923097	8.49918604338525	-6.98857183696728	6.62915200212795e-06	0.00121398713593255	4.16402094414183
37083	-2.05916542951176	9.66711215712886	-6.97360897286789	6.78731087702108e-06	0.00123533725399102	4.14103400016998
24299	1.20936133210033	9.29858608169786	6.97202978495608	6.80423346077199e-06	0.00123533725399102	4.13860601374096
26185	0.582710643263356	10.7070013163175	6.97074693922191	6.8180131617025e-06	0.00123533725399102	4.1366333788095
12309	-0.758147960811658	5.24508665804865	-6.95912029803992	6.94424981291583e-06	0.00125377941340518	4.11874395184118
30471	-1.79738169044994	6.32150775182845	-6.95510066533754	6.98846393922594e-06	0.00125733500683421	4.11255445313177
5863	1.14922351680636	6.21179638510145	6.95241560687317	7.01816350023194e-06	0.00125826346726536	4.10841862086695
11673	-1.09875636026284	5.35962368531678	-6.93991591218442	7.15818393382776e-06	0.00127889560763398	4.08915110541569
22770	1.19380011216603	5.98856020254948	6.92708192653029	7.30501474978438e-06	0.00130059700107619	4.06934419830131
15606	-1.89035639285648	9.66680690124165	-6.91416269313849	7.4560286566665e-06	0.0013228903993053	4.049381048952
11485	1.22849615614986	6.25574356011583	6.90892851071857	7.51814418679763e-06	0.00132931159076633	4.0412859977267
40802	-0.601356450631006	6.60061600301827	-6.90249940211815	7.59518696453732e-06	0.00133812602147617	4.03133733847192
2961	-1.04729292621512	8.78865644556006	-6.89954051484566	7.63092357550097e-06	0.00133812602147617	4.02675657583778
10671	1.72514127571881	10.0862471994309	6.89722950945346	7.65895840592552e-06	0.00133812602147617	4.02317791871219
23818	1.22830086042431	8.19144949934652	6.89612612424838	7.67238182217789e-06	0.00133812602147617	4.02146901577913
22769	-0.559081033423666	12.0332038161428	-6.87897036704695	7.88431100572941e-06	0.0013704268851857	3.99487522188419
9325	-1.0828190094948	7.49586804976573	-6.87054359390731	7.9906583855078e-06	0.00138219176035778	3.98179653972758
44892	0.860482877058802	10.001067334505	6.86761083615519	8.02802376022365e-06	0.00138219176035778	3.97724230822809
42775	-0.932078980821126	6.29282239423617	-6.8649627700924	8.06192004268702e-06	0.00138219176035778	3.97312907100535
25045	0.989914692787693	5.57543124717411	6.86479698784039	8.06404712701681e-06	0.00138219176035778	3.97287152698451
24290	2.57960209791832	6.40106796027798	6.86302839479134	8.08677603766544e-06	0.00138219176035778	3.9701237494986
3248	-0.470900376151807	12.0333641669034	-6.85024043722731	8.25313987378318e-06	0.00140218175472853	3.95024187355869
10815	1.47962139957496	7.54243067861846	6.849838807498	8.25842284749233e-06	0.00140218175472853	3.9496170519909
5073	-2.10171535724179	10.3738300673906	-6.8476310976341	8.2875263627628e-06	0.00140247921378556	3.94618205507551
50663	-2.19209870041003	6.90539025354031	-6.84391779044372	8.33672150728615e-06	0.00140616359213028	3.94040284886931
8179	-1.83300685739024	7.32631042382564	-6.83511408392132	8.45458866299912e-06	0.00142009850834111	3.92669299783716
19131	2.25840786336726	8.2485770828099	6.83362278826636	8.47472781715381e-06	0.00142009850834111	3.9243694876145
40248	0.511925029358906	9.84641564947597	6.81606210517936	8.71571111277137e-06	0.00144907129635268	3.89698418852928
12226	-0.787715643452325	7.15255784423278	-6.81506534437491	8.72960412107853e-06	0.00144907129635268	3.8954283956858
10411	-0.749904134437118	9.7347172695987	-6.81486427225839	8.73240952049652e-06	0.00144907129635268	3.89511453458453
31333	-0.870697742853766	10.5264813210343	-6.79457165719625	9.02047579186019e-06	0.00148829685390221	3.86340803358182
17816	-1.34801081871494	6.6006098598474	-6.79413097346987	9.02684143777963e-06	0.00148829685390221	3.86271879970614
8499	-1.20635262148334	5.93411214090656	-6.79165119330507	9.06274996742455e-06	0.00148942810041558	3.85883985815158
9622	-0.917684277416151	9.3006718352279	-6.78375452442591	9.17810308602651e-06	0.0015035668173773	3.84648155831154
43260	-1.8563419841763	8.63738996616673	-6.78123198177896	9.21527681086724e-06	0.00150484883361156	3.84253181499843
35033	-1.15858683821056	6.35830007019763	-6.77625386701805	9.28910307994776e-06	0.00151208904611873	3.8347344045719
47191	-0.947909033190681	7.66303334187692	-6.77222883944792	9.34924998779877e-06	0.00151706374169104	3.8284271478191
4644	2.02720680511717	7.82717144738046	6.76529773168649	9.45378575172018e-06	0.00152918712367572	3.81756037028651
44702	0.664209887571072	10.0500058431258	6.7616555431254	9.50921004829774e-06	0.00153331526552363	3.81184717547259
45182	-1.52160261672942	7.35143473459132	-6.75675134712232	9.58437951067544e-06	0.00153835011608688	3.8041512478731
21550	-1.1671143727647	5.92180344474992	-6.75570893686618	9.60043757601612e-06	0.00153835011608688	3.80251497910133
20483	1.39954297729359	9.38479683017963	6.75069678299699	9.6780448708174e-06	0.00153886377207578	3.79464514855608
24175	-0.918343656549652	6.26373457402162	-6.74869527929596	9.70922001024142e-06	0.00153886377207578	3.79150144074226
37792	1.48150860342913	8.43703900620394	6.74651981900539	9.74322456392553e-06	0.00153886377207578	3.78808382562318
14628	1.43828546521915	10.4572637322142	6.7462988243931	9.74668592970319e-06	0.00153886377207578	3.78773660689937
14090	-1.06220494691721	6.7305977075413	-6.74585125081352	9.75370009214114e-06	0.00153886377207578	3.78703337317435
33241	-1.16061567763715	6.31801331652354	-6.72474836079121	1.00905188318322e-05	0.00158712099270254	3.75384226228669
49840	-1.62943335568924	7.55908091564057	-6.71672276913562	1.02218067423284e-05	0.0016028543196319	3.74120196448007
45294	-1.79025889611452	5.93735755454673	-6.71205120658073	1.02990537464938e-05	0.00160574966136484	3.73383982649981
25743	0.502045692224116	4.92312359888998	6.71181940406621	1.03029026950041e-05	0.00160574966136484	3.73347443293326
1646	3.02539455952709	8.87813634488766	6.70827204644355	1.03619937210096e-05	0.00160821824917717	3.72788168124618
30317	-0.992782399080448	10.0949064863214	-6.70710752450756	1.0381469702739e-05	0.00160821824917717	3.72604528990371
3612	1.86525193021886	8.1505587478769	6.69759474525134	1.05420153035808e-05	0.00162816980935665	3.71103653265497
9559	3.64642826449674	8.18599767996885	6.69537451951012	1.05798603306958e-05	0.00162910786281309	3.70753163108247
14697	-1.00718408809359	6.36713566797922	-6.68174073984072	1.08154116762006e-05	0.00165344580275364	3.68599285700862
44401	-0.898095841757252	6.15236760903624	-6.68071791200711	1.08333041782953e-05	0.00165344580275364	3.6843758627906
50072	1.29016656160456	8.82382923318182	6.68064074200978	1.08346553889778e-05	0.00165344580275364	3.68425385796294
36585	1.92626132960202	7.52038173322947	6.66331820614814	1.1142497864813e-05	0.00168846382046747	3.65684459210332
17641	-1.35855080526655	6.55782262378587	-6.66266934088829	1.1154206249252e-05	0.00168846382046747	3.6558170269954
41111	-1.52042522672055	7.90383368580413	-6.66218760203728	1.11629073082626e-05	0.00168846382046747	3.65505408820045
44382	-1.64630699245438	7.62973446211453	-6.63924581470282	1.15856545738973e-05	0.00174725301156224	3.61868053355457
7917	1.32005909408441	9.65291228668992	6.63044376501228	1.1752289963212e-05	0.0017671859828553	3.60470421608804
37271	-1.43668426436644	6.56228076779233	-6.62442386448521	1.18677054137612e-05	0.00177309493317883	3.59513884741957
49769	2.60147731884833	7.99568111876577	6.62312117523534	1.18928375103557e-05	0.00177309493317883	3.59306821463942
32543	-0.801039759921216	5.87341962836831	-6.62299242490727	1.18953244600499e-05	0.00177309493317883	3.59286355137819
20576	1.32731857894315	6.19555898172938	6.60773686267324	1.21939087674554e-05	0.00181233294481172	3.5685955245472
13213	-2.39677555864064	5.97758407564842	-6.60193423988135	1.23095385748398e-05	0.00182216136335467	3.55935575699639
43849	1.75927578508262	6.61321898623166	6.60085807505727	1.23311099361119e-05	0.00182216136335467	3.55764157852109
1046	-0.939758963432509	8.86241531263721	-6.5984588537339	1.23793447388143e-05	0.00182403241617081	3.55381933327507
9765	1.37899450165194	5.39859157100923	6.59610337335979	1.24268931958679e-05	0.00182579190690924	3.55006593339896
44250	0.871504734067675	8.89357386842736	6.57278047389786	1.2908194068062e-05	0.00189108731152556	3.5128565867134
50701	1.34956736401519	7.3654665958547	6.56485169184895	1.30762470617679e-05	0.00190609672650147	3.50018843732061
6408	1.16541063590796	6.52443413216677	6.56371859797845	1.31004505446445e-05	0.00190609672650147	3.49837727569951
43307	0.654115454412031	10.9242944106502	6.5627038892953	1.31221652323703e-05	0.00190609672650147	3.49675518011577
48147	2.52576145250679	6.94563862659388	6.56047586176018	1.31699777181954e-05	0.00190763778948641	3.49319295252397
39123	1.01678150311858	7.13714447626627	6.55762642291521	1.32313924567666e-05	0.00191113487214976	3.48863611184157
13827	-1.68517236964907	5.56368686163361	-6.55429914813878	1.33034873668224e-05	0.00191615061298085	3.48331357196891
12725	-0.831095380523347	7.95839934765629	-6.550404071461	1.33884103360077e-05	0.00192298075179028	3.4770806273535
2453	1.37977114573344	9.09075952397614	6.54746965520017	1.34527646579889e-05	0.00192682670559508	3.47238343935865
10892	-0.70665452758218	5.4949375638114	-6.53950899443138	1.36289919356104e-05	0.00194663005707621	3.4596341213719
31289	-0.489500265374603	7.74676390542558	-6.5361759708762	1.37034951443331e-05	0.00195183449172451	3.45429332726508
17438	2.7627370278196	7.77081545842208	6.51254885532913	1.42440610374795e-05	0.00202320906858116	3.416385762443
38696	0.961386207788274	5.02341145630953	6.50376508816148	1.4450700163647e-05	0.002046889783401	3.40227164782838
10528	-0.762314716881566	6.17492173555896	-6.50190932250434	1.44947589925503e-05	0.00204691925321213	3.39928824668479
12245	1.56742458498449	5.74245843901167	6.4995695990802	1.4550509036385e-05	0.00204691925321213	3.39552607967938
23418	1.40703757677518	7.53718932539095	6.49872592077512	1.45706671234579e-05	0.00204691925321213	3.3941692824883
1269	0.67453135580091	10.3773631894986	6.49175335280351	1.47383911489551e-05	0.00206482443867164	3.38295196117508
34538	-0.942829723857971	5.76905342061908	-6.47456531853263	1.51605705599389e-05	0.00211579779285408	3.35526905035966
34702	-1.79690960984179	9.93012136700936	-6.47359591810939	1.51847567628189e-05	0.00211579779285408	3.35370642088156
45931	-1.55924859188508	9.3009709804004	-6.46652972987465	1.5362285174952e-05	0.00213083255558031	3.34231178493414
22629	-1.64861956638892	7.11299872041196	-6.46599645339165	1.5375771229517e-05	0.00213083255558031	3.34145154171361
7926	2.63375598302707	6.81997908148945	6.44790148555431	1.58408268155772e-05	0.0021893645169691	3.31223674407583
39100	-1.52439496785341	8.28625214700194	-6.43611045665197	1.61517998222994e-05	0.0022206176954179	3.29317337141677
40910	2.39629350400659	6.3855108284829	6.43604406249141	1.61535689287557e-05	0.0022206176954179	3.29306596828954
34580	-0.801730323402022	5.72246033186677	-6.43051952089221	1.63014886862193e-05	0.00222761811769953	3.28412682409457
23246	-1.93585892719582	8.22885860213835	-6.43015126358861	1.63113992372041e-05	0.00222761811769953	3.28353079183331
17678	-1.20309594761514	8.43045182989927	-6.42928179403689	1.63348235481517e-05	0.00222761811769953	3.28212345613229
33010	-2.0182166121581	10.489431577963	-6.41179975782348	1.68133802573224e-05	0.00228679810629831	3.25380270348118
7999	1.08457475369153	5.42471060213432	6.41007984098354	1.68612508457443e-05	0.00228724205917033	3.25101397352602
43532	-0.881085304212913	8.32492142656573	-6.40710412939533	1.69444124905507e-05	0.00229245829779809	3.24618800763766
27110	-2.25287493804635	5.68727476717496	-6.40000143436556	1.71446563112625e-05	0.00231344578162183	3.23466358646378
4887	0.660542620526186	7.56959427982727	6.395585330827	1.72704097528779e-05	0.00232429798028495	3.22749445449262
3776	-0.787361372763194	4.92391491859379	-6.3901580168113	1.74262867185615e-05	0.00232919671167408	3.21867970650163
10238	-2.56613323202603	6.14575362159443	-6.38983534333877	1.74356005804558e-05	0.00232919671167408	3.21815549854085
16518	-0.516367884654972	6.70434971862012	-6.38957624122322	1.74430832608403e-05	0.00232919671167408	3.217734555841
50642	-1.96796743382462	7.19889270232659	-6.38338426169525	1.76229101012848e-05	0.00234709698273631	3.20767193837371
39543	-0.519882817070985	12.3993796247413	-6.37600670178761	1.78397133911967e-05	0.00236981643483679	3.19567511365051
39078	-1.00656119956008	8.57215014453317	-6.37167252154027	1.79683858031176e-05	0.00237954319270884	3.18862339041025
41784	1.4544077616755	6.31915941480563	6.36842141795073	1.80655435287109e-05	0.00237954319270884	3.18333198485113
23117	1.96139440782765	6.73311677329627	6.36762302944893	1.80894872680945e-05	0.00237954319270884	3.18203230731168
10866	-1.19884116633261	8.3064875565621	-6.36732074129479	1.80985616108208e-05	0.00237954319270884	3.18154019468437
21930	1.00459723696143	9.08072288684131	6.36171060216224	1.82678419066348e-05	0.00239565693505014	3.17240463026768
6455	1.69199083509546	6.96887233753763	6.35946477385734	1.83360727676641e-05	0.00239847057968047	3.16874619365142
14112	1.41344064740573	5.39867914074046	6.35479016754146	1.84789523080362e-05	0.00241100956373248	3.16112886868687
4420	-1.83759617870298	7.94882583773025	-6.34557362095945	1.87640918607911e-05	0.00243609967945281	3.14610079050633
32062	-1.02055846286061	5.62419571123998	-6.34550371381521	1.8766272201105e-05	0.00243609967945281	3.14598675439958
40414	-1.31959678242405	8.45265075038521	-6.34075598846445	1.89149737054071e-05	0.00244920250433953	3.13824030552896
10571	-0.665841232045831	8.27911601427628	-6.32573351069179	1.93936908313016e-05	0.00250486370545547	3.11370715155168
2119	-1.32811279625631	6.20569153010479	-6.31239225987819	1.98294989352549e-05	0.00255471705377922	3.09189120723288
38491	1.48342425438902	6.43450736345151	6.30283361887979	2.01480572829592e-05	0.00258925259458901	3.07624425635538
5430	-2.34863930584622	7.55054746021079	-6.29674848505955	2.03536495996504e-05	0.00260913434217919	3.0662760969142
40397	-1.81235066207677	7.7166834804093	-6.29044943785096	2.05687901063138e-05	0.00263013785908066	3.05595167025121
43267	-1.53717106156302	8.73976758886297	-6.28409692661233	2.07881752569111e-05	0.0026467247785828	3.04553358482558
12131	-1.86068187317133	7.36262030200044	-6.28370642206322	2.08017412779637e-05	0.0026467247785828	3.04489296188074
25090	-1.20164325595691	7.93376843514746	-6.27334513093504	2.11651044096528e-05	0.00268629181611227	3.02788690201178
21259	-1.01961081334935	7.24850737118726	-6.26795400291361	2.13567963067447e-05	0.00270392861092503	3.01903203663472
30201	-0.797506962332561	6.76392806625492	-6.26572296769997	2.14366572569544e-05	0.0027073547721862	3.01536631185695
6750	2.77238599089093	7.07176907291118	6.26033904374583	2.16306706889556e-05	0.0027212846337106	3.0065171272717
37636	-0.674119884124688	6.65847870306189	-6.25911510584521	2.16750326559784e-05	0.0027212846337106	3.00450481849472
37923	0.792939159946974	10.5772242270736	6.2582576863301	2.17061669238559e-05	0.0027212846337106	3.00309497850959
19796	-0.711638229556088	11.0577542010443	-6.24410579435954	2.2226880080908e-05	0.00277976951958205	2.97980934356284
50529	-1.30117586531115	9.31748056690297	-6.2400730191876	2.23776519933284e-05	0.00278646815077922	2.97316828578034
47149	-1.59900421113729	7.67115601239079	-6.23976725841096	2.2389127040351e-05	0.00278646815077922	2.97266466832027
27595	3.30777940028123	7.50755801997633	6.23621360452673	2.25229476455639e-05	0.00279633574691026	2.96681042996262
35466	-0.737097040258715	11.2600152950356	-6.23321150332549	2.2636652236609e-05	0.00280366420310233	2.96186333644668
50118	-0.958984090162203	7.71809336443347	-6.22997485418339	2.27599152697426e-05	0.00280769682309737	2.95652822339572
10906	-1.32609243587598	6.58450909599455	-6.22948257740989	2.2778724518459e-05	0.00280769682309737	2.95571664407563
50494	2.10448225574864	8.53664590788109	6.22597395726237	2.29132575197003e-05	0.00281750645702675	2.94993119659027
40825	1.25604418010588	9.09929158421583	6.22412465256146	2.29845016840853e-05	0.00281767450088655	2.94688109142683
4884	-2.37653216369792	7.72282862063818	-6.22308835616643	2.30245264036092e-05	0.00281767450088655	2.94517167741079
12718	2.5150195037536	5.93298436722463	6.21919592192166	2.31755176379365e-05	0.00282939962476864	2.9387495076572
22237	1.19657977737152	10.2444153646215	6.21768466090277	2.32344205247224e-05	0.002829853080346	2.93625544971496
16753	-1.30760355224181	9.27690815460555	-6.21399017864617	2.33790788453786e-05	0.00284072428169581	2.93015694630364
794	-1.05375619067908	6.0011852167213	-6.19995203346361	2.39374191487402e-05	0.00290169055383168	2.90696544988945
37300	-1.57004474803303	6.67535471752541	-6.19657979722282	2.40736156828079e-05	0.00290914576931018	2.90139000258446
13133	-0.925399113379139	5.75806855562075	-6.19562338082431	2.41123908252755e-05	0.00290914576931018	2.89980841268267
43668	-2.50860017213573	9.24056703946936	-6.17919472486642	2.47887692562623e-05	0.00297985110250993	2.87261957462867
39159	-2.40338465422258	8.42990748284435	-6.17729410842034	2.48682933571429e-05	0.00297985110250993	2.86947151425799
33115	1.57241083552459	7.85801903953525	6.1771872521861	2.48727722886779e-05	0.00297985110250993	2.86929450832092
40943	-1.27320153264336	10.7126890853931	-6.16126118043455	2.55498739431448e-05	0.00304997994977887	2.84289407068594
24777	-2.01259484826454	6.52933851818904	-6.16063008759437	2.55770999766931e-05	0.00304997994977887	2.84184713453396
23127	0.982134156707879	11.1531709036573	6.15487629931208	2.58267323523324e-05	0.00307260215336008	2.83229927851751
37625	-0.904494897608683	8.8635859327683	-6.15316185821449	2.59016077115602e-05	0.00307437693754157	2.82945337120395
41321	1.06496551534211	10.5226321681355	6.14321997727828	2.63403135130691e-05	0.00311922844271623	2.81294155711019
6399	-1.09122234215318	7.87083666490082	-6.13441903963387	2.67351749714678e-05	0.0031586931609147	2.79831232452322
17876	-2.49732711010626	7.66385294665095	-6.12804921123863	2.70248311420461e-05	0.00318557526813691	2.78771694356749
32067	-0.49316133368364	11.6290547120551	-6.12387075853685	2.72166241192218e-05	0.00319681257915182	2.78076333639916
9283	-1.50641763459596	8.13458534126181	-6.12325835774348	2.724485328593e-05	0.00319681257915182	2.77974398519043
38257	-1.88449599365107	9.29262189733536	-6.11259704453843	2.77412458849183e-05	0.00324762585387002	2.76198907197415
19474	1.16289533888887	9.33712509060499	6.10728620054297	2.7992048930254e-05	0.00326233588921694	2.75313827278624
20456	0.743636605560273	8.84998684016031	6.10724202096451	2.79941452386195e-05	0.00326233588921694	2.753064627536
32141	-2.22322587418426	6.75768796918831	-6.10143044649837	2.82713426025604e-05	0.00328716862423784	2.74337446825187
32058	-1.11408930749543	6.64181178958846	-6.07952800854473	2.93421605602573e-05	0.00339523462587734	2.70680924658035
879	0.964215693575491	5.72607129051125	6.07803079880389	2.94168950936712e-05	0.00339523462587734	2.7043071014103
23252	-1.32090731191426	6.78748210432282	-6.07575615881069	2.95308177475299e-05	0.00339523462587734	2.70050507035091
402	-0.777994720215924	5.99154355383615	-6.07483746139832	2.95769606248244e-05	0.00339523462587734	2.69896926073161
36859	-1.2489543109251	5.89370416541238	-6.07426462111727	2.96057705808851e-05	0.00339523462587734	2.69801156545074
36618	-2.12302141782887	7.85289725704175	-6.07301080872695	2.96689314703171e-05	0.00339523462587734	2.69591522528925
22729	1.47932596236929	7.92637897439753	6.0712784871836	2.97564297324577e-05	0.00339523462587734	2.69301844495387
44827	-0.732291730409101	9.66288102742395	-6.07074298084517	2.97835324442122e-05	0.00339523462587734	2.69212288305677
5193	-0.755761843636437	5.82280924991333	-6.06971035159007	2.98358682990399e-05	0.00339523462587734	2.69039582955201
17615	0.710784949200704	9.68456584999565	6.06917744689741	2.98629147412177e-05	0.00339523462587734	2.68950449398925
38270	0.938942580584446	7.63605994405133	6.05664583029781	3.05063924355572e-05	0.00346072074895051	2.66853192166299
47090	-1.15113967447993	9.20740948172686	-6.05067753662237	3.08179466288035e-05	0.00348247515249184	2.65853531567966
38722	1.4894514570067	6.92312267561172	6.05037189752065	3.08339909359407e-05	0.00348247515249184	2.65802324189406
42039	1.24652841315694	7.23214089291183	6.04628083645578	3.10495929462026e-05	0.00349192027955084	2.65116765686758
37415	1.75431148559891	6.77723670635926	6.04620093557417	3.10538194764643e-05	0.00349192027955084	2.65103373833553
4165	0.686543240762514	8.87930045346076	6.04322088943339	3.12118867855135e-05	0.00350131027631148	2.64603832791733
40431	1.07325114991592	7.22639125201247	6.04205621231803	3.12738923970407e-05	0.00350131027631148	2.64408563598119
45198	1.4009643293916	6.53606720668625	6.04061074997077	3.13510261229854e-05	0.00350229894440566	2.64166189980747
343	-1.02023331862385	8.65021618044056	-6.03798445301284	3.14916828758585e-05	0.0035035049168073	2.63725735582017
46851	-1.71239488930806	6.26677035321682	-6.03785795754705	3.1498474269603e-05	0.0035035049168073	2.6370451852322
4822	-1.01965797392472	5.83936320511998	-6.036438882749	3.15747679949583e-05	0.00350438918551836	2.63466481057757
32945	-1.97497549032602	7.25070193667393	-6.03341226075475	3.17381358627162e-05	0.00351491286068388	2.62958691297412
8516	-1.42893619342659	6.01779891477814	-6.03038215176623	3.19025793133684e-05	0.00352551003636267	2.62450179825458
40981	-1.3960793302428	9.94303536967661	-6.02638068510779	3.21211071157364e-05	0.00353655636530884	2.61778446044654
41199	1.59442340470394	6.52205683445249	6.02602732020158	3.21404802682331e-05	0.00353655636530884	2.61719114551377
41675	-1.14648598276368	11.0899890397015	-6.02004014968178	3.24705929792488e-05	0.0035652293910149	2.60713560167327
39253	0.667585739567567	8.84613807857515	6.01768431442315	3.26014580060752e-05	0.0035719494887169	2.60317747757276
45968	1.50027010615336	6.72755323681433	6.01465991541416	3.27702717698765e-05	0.00357522615017356	2.59809486432919
3215	-1.16354949475782	7.01143590910702	-6.0146502162353	3.27708146224661e-05	0.00357522615017356	2.59807856231415
36123	1.11549814112434	7.53424505503021	6.00814164399935	3.31372251920548e-05	0.00360752517823313	2.5871360423496
10088	-1.62360663634712	6.11366108761684	-6.00245947736591	3.34606208143039e-05	0.00363501439168273	2.57757776171738
44020	0.920612458348474	6.44181333045635	5.99456007562143	3.39157113828898e-05	0.0036766638834441	2.56428177137741
7730	0.843315956137567	9.13263280442478	5.99216158416852	3.40551698298563e-05	0.00367767355869656	2.56024288012395
26307	-1.8373915649463	8.03408097640143	-5.99193335298636	3.40684714170541e-05	0.00367767355869656	2.55985851027135
16478	0.979040882097404	7.32971475090092	5.98720758654843	3.43451211095839e-05	0.00369974880255257	2.55189798861473
20889	-1.08001635927805	7.06951434107807	-5.98449199263602	3.45051574862411e-05	0.00370626096554401	2.54732208732417
36580	-0.604803751687123	8.80951306121544	-5.98373115499948	3.455013537581e-05	0.00370626096554401	2.54603984420338
11885	-1.59705341416178	8.89376519216004	-5.97930050236546	3.48132819194488e-05	0.00372669278434584	2.53857113638935
40401	1.05112831649607	7.59736976721562	5.96992575531693	3.53770127642966e-05	0.00377914938854599	2.52275860450142
16387	-1.1602791753529	7.89905897552167	-5.96809490580277	3.54882184783362e-05	0.00378314738190264	2.51966895878004
12274	1.04237589042712	8.99919381747502	5.96446310694647	3.57098984919015e-05	0.0037988812345866	2.5135386526062
14422	0.869939144279564	7.57533440499311	5.9626272832247	3.58225059618008e-05	0.00380297063291366	2.51043912324125
32539	0.803421323753369	9.37432654208887	5.96001201760113	3.59835661611653e-05	0.00381217631917338	2.50602275231865
17542	0.947126466921866	8.64889259384509	5.9560031099683	3.62319269855347e-05	0.0038305737899181	2.4992509827318
46744	0.649955869254322	8.82016682404638	5.95256107564771	3.64466009149064e-05	0.00384534137554062	2.49343486206247
18721	1.06550604334121	7.20365009655378	5.94812367782827	3.67253210444759e-05	0.00385552731532507	2.48593424913708
45839	-0.791772953438495	7.05028094429307	-5.9480500978455	3.67299614882077e-05	0.00385552731532507	2.4858098509619
6999	-0.663891809306975	9.96488689590664	-5.94743592265647	3.67687194241743e-05	0.00385552731532507	2.48477146287783
16593	-2.02032319036617	7.04289836117613	-5.94542926374894	3.68956497716843e-05	0.00386018164330552	2.48137840788877
41753	2.31301666554504	7.54076245884107	5.94323257829409	3.70351263406566e-05	0.00386018164330552	2.47766335289149
8249	2.31666298279582	5.8502544698893	5.94317242805571	3.70389532823605e-05	0.00386018164330552	2.47756161618209
46003	-1.10478679599561	6.83455836972415	-5.94026279432389	3.72245683772143e-05	0.00386758567099926	2.47263968908314
40738	1.38032629303356	6.45211374798486	5.93969583909952	3.72608495489826e-05	0.00386758567099926	2.47168048334718
465	2.64181316831991	8.61292495146292	5.93393189786524	3.76318099874062e-05	0.00389153753326184	2.46192602935657
17739	-1.61305747226766	6.33216762745296	-5.93355138745352	3.76564348482526e-05	0.00389153753326184	2.4612819093542
36816	-0.678885233868971	10.5208906027175	-5.93153931029069	3.77869278620911e-05	0.00389153753326184	2.45787555090977
988	-1.49153669278314	7.04401361968207	-5.92816645785254	3.80067368448439e-05	0.00389153753326184	2.45216411417054
12233	0.979199968432654	7.57309307330857	5.92798693836442	3.8018473595693e-05	0.00389153753326184	2.45186007670317
12404	0.942600987655098	6.91068597862341	5.92773822144604	3.80347406551894e-05	0.00389153753326184	2.4514388373222
20312	-0.774628111824237	6.60957832936755	-5.92758904320901	3.80445009913324e-05	0.00389153753326184	2.45118617722172
38587	-1.33151400252214	8.235690904175	-5.92676052371887	3.8098756566375e-05	0.00389153753326184	2.4497828708745
2897	1.24907033115162	7.09199262638521	5.92473692301696	3.8231612812448e-05	0.00389637453034667	2.44635496621141
32592	0.864913291026558	6.28396161092964	5.92333580909874	3.83238847929113e-05	0.00389637453034667	2.44398117580105
43981	1.40489763011631	7.33281514601388	5.92257515249186	3.83740763285956e-05	0.00389637453034667	2.44269233702644
19683	-1.03873523011081	8.09468766033965	-5.92123721027364	3.84625268018945e-05	0.0038976373997904	2.44042515112792
7931	1.24043941831863	8.560521783738	5.91663637096053	3.8768317595479e-05	0.00392087623870963	2.43262685907483
13862	-0.935102415184808	8.47266915831341	-5.91092264751681	3.91516218936247e-05	0.0039437818387625	2.42293789841433
33417	1.18484184449181	9.58858697306105	5.9098471430633	3.92242145081941e-05	0.0039437818387625	2.42111358764018
28280	-1.04821570252472	5.31849778615343	-5.9098275392569	3.9225539000095e-05	0.0039437818387625	2.42108033334428
17731	-1.14260366785181	9.39290581257203	-5.90544222977818	3.95230034524729e-05	0.00395876722679932	2.41364002366876
8967	-1.03901252072443	9.20265851281562	-5.90535423517698	3.95289964139412e-05	0.00395876722679932	2.41349069902954
34017	1.6146187375454	9.79287406644807	5.90095959907671	3.98295108275778e-05	0.00398108771383017	2.4060316546333
16464	0.751290916313321	10.7368205680975	5.89734930554999	4.00781792180094e-05	0.00399814925599737	2.39990174322616
49501	-1.3918359802146	8.26472654439354	-5.89618868648884	4.01584646176393e-05	0.00399837947909529	2.39793072072613
36296	1.6318477100286	9.04633845089439	5.89142691821723	4.04896244287065e-05	0.00401601970157278	2.38984195871234
18592	1.7460417259274	7.47982594575732	5.89138888836832	4.04922807105298e-05	0.00401601970157278	2.38977734434869
2583	1.42489139327194	6.64833685583169	5.89005392965609	4.05856396221804e-05	0.00401750821866202	2.38750905614131
39954	0.865900942369794	9.3448381728947	5.88844326033687	4.06985800217512e-05	0.00402092560538596	2.38477194515784
36891	-0.837505449840142	5.52134814282373	-5.88705290733346	4.07963363220202e-05	0.0040228325793229	2.38240892321704
43265	1.20651023632791	9.38587072123452	5.88039012791931	4.12682213641874e-05	0.00406155339476022	2.37108100597317
24289	0.50241118308531	10.1388377911696	5.87835795523943	4.14132821964707e-05	0.00406802195001194	2.36762464405227
16923	-0.480160296414366	4.93280160082935	-5.87575191897854	4.16000879736691e-05	0.00407855852951789	2.36319135061763
46239	-0.60447888048565	9.53088852047901	-5.86951067588205	4.20510662580161e-05	0.00411490548367564	2.35256990125305
2836	0.954786029966367	8.75360808037438	5.86646644946228	4.22728887371126e-05	0.00412873265311273	2.34738710145817
42502	1.60788262279503	7.38954875725753	5.86231873807647	4.25770909345409e-05	0.00415053786075954	2.34032341673436
25207	1.19850218535899	7.76416207787268	5.86008213126915	4.27420783606884e-05	0.00415871500953066	2.33651335106609
3923	1.10494967414088	8.46248633531813	5.85683772538122	4.2982597950834e-05	0.00417419638736168	2.33098518596012
45219	-1.18733065345479	8.48543044598438	-5.85100267088984	4.34187423461766e-05	0.00420449736108727	2.32103889242229
37385	1.24273627522434	9.50454670164712	5.85047237684869	4.34586083426213e-05	0.00420449736108727	2.3201347172247
34321	-0.695740126737913	6.09191987438526	-5.84922731142328	4.35523594109251e-05	0.00420563235622334	2.31801166181059
50662	0.739558559595315	6.91484180693686	5.84317837564947	4.40108535253265e-05	0.00424191828076061	2.30769391311834
50829	-0.674184969370657	5.88215805972273	-5.83782592539113	4.44207671745766e-05	0.0042733944796315	2.29855967524214
2522	-1.38465457951974	7.14558251841994	-5.82919725577171	4.50900185397058e-05	0.00432965503865534	2.28382551798053
33760	-2.01868417525897	7.01205660372014	-5.82308571779839	4.55704133086867e-05	0.00436760469685274	2.27338294167938
25639	0.586545982764374	10.2823703220186	5.81765062183299	4.60021347800988e-05	0.00440075646079169	2.26409156477884
8999	1.72169005572767	7.83540101851424	5.81613740819413	4.61230924481011e-05	0.00440411115152483	2.26150393093927
37908	-0.860449734355034	6.27218799503874	-5.81228056346903	4.64328935569272e-05	0.00442545176584572	2.25490710652244
47004	-1.29890445096596	6.98479446166473	-5.80678845209586	4.68778089437171e-05	0.00445956684860489	2.2455095178184
37205	-1.3632948678047	5.84353323349557	-5.80347770774379	4.71481641107027e-05	0.00447698011655628	2.23984234091523
18579	-1.17752326607334	5.73547370446542	-5.8009214365558	4.73580244763391e-05	0.00448859531062618	2.23546553488515
40240	0.673227974365713	10.0950153566173	5.79913954577457	4.75048887783021e-05	0.00448964815409342	2.23241404310671
16348	-0.796880066390716	10.3449706253938	-5.79866296230664	4.75442497010829e-05	0.00448964815409342	2.23159781391512
38770	0.866941549867749	9.95502755349497	5.79608765785649	4.77575344640015e-05	0.00450149878157379	2.22718659608245
18379	0.835629139867275	10.9693429120175	5.79220107115242	4.80813152186353e-05	0.0045078661375723	2.22052745134958
18348	-0.539990052217149	4.96186258001955	-5.7918790453377	4.81082450808283e-05	0.0045078661375723	2.21997560393386
25508	0.839193639072838	7.88541889342154	5.79079620022878	4.8198915285561e-05	0.0045078661375723	2.21811984836649
22019	-0.775811828069489	10.3304874197675	-5.79012921057035	4.82548534634609e-05	0.0045078661375723	2.21697669092645
50711	-0.731339711613723	9.89811722890298	-5.7900124094334	4.82646561652077e-05	0.0045078661375723	2.21677649806861
5452	2.41548962019422	8.94827347789928	5.78892568800099	4.83559606960213e-05	0.0045081822557258	2.21491380156316
19793	1.09421001632443	7.27494736175727	5.78607725868227	4.85961392473428e-05	0.00452235142658213	2.21003062527323
36786	1.25053628941864	6.59120980513698	5.77629060577267	4.94308967059498e-05	0.00459170047009834	2.19324391321423
9747	-1.1730993303331	6.86817201920014	-5.7747129055062	4.9566864665859e-05	0.00459177427918302	2.19053642437879
39449	-3.06333284350909	6.68923909278895	-5.77420416748301	4.96107916114243e-05	0.00459177427918302	2.18966330216735
3636	-0.757988843305167	8.8398658961104	-5.76606198649336	5.0319393713576e-05	0.00464896798568887	2.17568411849259
36807	-1.28246779593154	8.43687719513757	-5.7607782763094	5.07848825307583e-05	0.00468353531771072	2.16660740798316
46886	1.32087990432209	9.00304531217178	5.75690000794087	5.112941728897e-05	0.0047068438077365	2.15994246066317
19272	-1.41395472367181	6.52998005780348	-5.7450914120202	5.21935892752635e-05	0.00478950906863724	2.13963541379039
31779	1.38900347314214	9.49670051278466	5.74486514350142	5.2214204878856e-05	0.00478950906863724	2.13924610463347
43116	1.52851321542603	6.44986539777855	5.7351642971934	5.31061151222918e-05	0.00486262349823327	2.12254816067788
13222	2.22512089904032	5.89978482787633	5.73351407024493	5.32594175916962e-05	0.00486796772982498	2.11970627892692
18061	-1.99637582561956	6.01385652665449	-5.72821953305164	5.37543990447654e-05	0.00490069359891922	2.11058579136515
34739	-1.2603753163135	6.81417417422871	-5.7276427241971	5.38086140921976e-05	0.00490069359891922	2.10959192064316
7659	-1.11461654437843	6.529774259105	-5.71849914765583	5.46757071105748e-05	0.00497083609539332	2.09383059954527
41043	-0.99669120177839	7.21566788592608	-5.71438751940485	5.50703644673361e-05	0.00499785488217191	2.0867391734287
18587	-1.22237434273348	6.05327631455285	-5.71158599056194	5.53409756156829e-05	0.00501354039870982	2.08190589769152
10804	2.60782316959199	7.8270969606787	5.71012237146041	5.5482904915561e-05	0.00501753339056491	2.07938036675893
3032	-0.832011916381865	6.75510365462035	-5.70815338883131	5.56744404315196e-05	0.00502402725884326	2.07598231977614
19367	1.47883885381053	7.49186783020756	5.70646144019933	5.58395790850327e-05	0.00502402725884326	2.07306192407811
41562	1.3234562599219	9.84739232624446	5.70618911533118	5.58662065008185e-05	0.00502402725884326	2.07259183757152
33657	0.979087597706189	10.2495081988108	5.7053673951871	5.59466332163098e-05	0.00502402725884326	2.07117332091172
6340	0.747510869571195	10.6222751810821	5.69728022816506	5.67446588571111e-05	0.00507700908037012	2.05720738998459
7085	0.839695969364746	7.78342694883886	5.6959719650806	5.68748693555847e-05	0.00507700908037012	2.05494722413561
9186	-1.05530637465134	7.65927644804682	-5.69568126984798	5.6903844419145e-05	0.00507700908037012	2.0544449829279
2920	0.767881671993857	5.81404238146801	5.69539210374923	5.69326823701697e-05	0.00507700908037012	2.05394537145649
39248	-1.25663513761091	9.64738607507338	-5.69321223873432	5.71505680001044e-05	0.00508759118884262	2.05017868281695
17950	0.960823296056712	10.1287142719237	5.68559074501722	5.79192385360988e-05	0.00514708297257712	2.03700372834898
40058	1.93681920933201	7.51264740520466	5.68300625272655	5.81823454525046e-05	0.00516151893671734	2.03253411041311
47602	-0.774229278443738	6.8516975143502	-5.68115210725364	5.83718706020972e-05	0.00516938866492769	2.02932695610322
13524	0.844458668088678	7.29773165509007	5.67612510865523	5.88889674316381e-05	0.00520515664492798	2.02062914148026
18948	-0.958770046366533	6.58924451635584	-5.67519924032499	5.89847266444588e-05	0.00520515664492798	2.01902678560372
45474	0.618370330258562	7.50934686345697	5.67427678908909	5.90802942380077e-05	0.00520515664492798	2.01743021989133
23788	1.61229141727177	6.37803529418104	5.67116788628208	5.94035752191688e-05	0.00522466161738954	2.01204846566975
42493	-2.00084955510325	7.39235229043111	-5.66623509326633	5.99203122442135e-05	0.00526108549766146	2.00350653958455
26281	0.872131468976505	7.31928456081552	5.66224947376814	6.03412568618227e-05	0.00527565232465744	1.99660222194226
23911	0.994607111474404	7.07279372658013	5.66224891333921	6.0341316268746e-05	0.00527565232465744	1.99660125094536
42984	-1.5315388333482	10.8613441749424	-5.66174383315681	6.03948809301411e-05	0.00527565232465744	1.99572613256667
27292	-0.625041766023964	8.91684270106291	-5.65288174870606	6.13428461411611e-05	0.00534934656247309	1.98036538737938
47170	-1.20809621383944	9.39610156616201	-5.65117335342894	6.15273709195913e-05	0.00535632847414765	1.97740290103526
31128	-1.66142226210096	7.71504992972175	-5.64560129528164	6.21332521195963e-05	0.00539254189360669	1.96773759817606
45103	0.453287365701509	7.69942989168399	5.64541438905137	6.21536831874864e-05	0.00539254189360669	1.96741331245277
13663	-0.926061005268812	7.86824734048374	-5.64370516222702	6.23408477806506e-05	0.00539964410608216	1.96444753846795
38591	2.64894404237342	7.10837419330273	5.64264047243875	6.24577314407293e-05	0.00540064525692215	1.96259992291833
46545	-0.876757677767421	6.95822764252354	-5.63942365546793	6.2812272258539e-05	0.00542215837092399	1.95701660603878
50657	-1.77996830812284	7.32393765686758	-5.63017030209684	6.3843896774538e-05	0.00550194899329615	1.94094755146518
478	-0.946848139760857	8.75744472933837	-5.62838487572662	6.404497612387e-05	0.00551001710692543	1.93784561918405
3566	-2.21455902042787	7.9426860656226	-5.62104134661207	6.48790037322373e-05	0.00557242176779598	1.92508241466597
38554	-1.24564781889883	9.98938053133785	-5.61665052575871	6.53830941930469e-05	0.00560632698635898	1.91744736405604
41715	-1.4154959780094	5.54535453549819	-5.61235959996017	6.58796686680779e-05	0.00563947561039125	1.90998333419376
9248	-2.01506989193349	8.36972098580357	-5.61135194113157	6.59968516402691e-05	0.0056400909411774	1.90823013557068
47123	-1.87568275883737	9.06882424960089	-5.61012178297986	6.61402046827911e-05	0.005642936997196	1.90608961816534
34155	-0.961962892557575	7.77498570811067	-5.60822546787935	6.63618237106465e-05	0.00565243998768623	1.90278953809283
48031	-1.02640472517038	8.48062999945099	-5.60250715133616	6.70348199716994e-05	0.00570029424356361	1.892835051514
37539	-1.68361600723697	6.14505956980747	-5.60151095258885	6.71527909237883e-05	0.00570087170100691	1.89110038048394
42133	-1.38082399112954	9.97496049250423	-5.59990816812325	6.73430495720883e-05	0.00570757390059239	1.88830916824447
37481	0.785215743313759	9.26728551078018	5.59622969857953	6.77818337325484e-05	0.00573528268394415	1.88190180186285
42277	-0.362350756239321	7.45154831697086	-5.58807398306489	6.87653627954205e-05	0.00580136565169765	1.86768878158465
41465	0.719618451815308	9.51643289264835	5.58787858712372	6.87891082813045e-05	0.00580136565169765	1.86734814659962
49426	-0.918893510503233	7.2427793748485	-5.58430703050931	6.92246531082107e-05	0.00582851118682531	1.86112086374839
37008	0.974476188064672	5.17106956073352	5.58322079380162	6.93576878805499e-05	0.00582923086531549	1.8592265637271
35475	1.60916452151435	6.12240799162809	5.5823822660937	6.94605674917655e-05	0.00582923086531549	1.85776413035121
18156	-1.23168219492622	9.95431565759209	-5.57830848684876	6.99626544498611e-05	0.00586177298949522	1.85065782475474
50684	1.52951545513725	7.9813269939373	5.56840715850651	7.11988360152337e-05	0.00595561421780934	1.83337601815489
242	-1.36783229116639	7.38072440276559	-5.56470003798936	7.16675175554978e-05	0.00598505477227314	1.82690198665543
4718	-1.97070430473655	7.15454370246567	-5.56274953347282	7.19154065432676e-05	0.00599599087140258	1.82349487990105
43967	-1.23025499031639	7.14212901799544	-5.56001827842046	7.22640257896541e-05	0.00601527627660763	1.81872305715815
40202	0.525642726324254	9.28779978011318	5.55591166799159	7.27915197601213e-05	0.00604936461461909	1.81154631928417
33356	1.69774275179423	9.20040722664443	5.55294884349284	7.31745890202452e-05	0.00607135958997103	1.80636697162142
31564	-1.33837512973466	8.40033013279836	-5.55096259341988	7.34325726317114e-05	0.0060829218001028	1.80289408260349
14100	-0.774518013934302	4.89313550065503	-5.54574957410777	7.41141893403169e-05	0.00612948253647433	1.79377661974091
7536	0.743871287090913	10.1950093920796	5.54123196611929	7.47102190783647e-05	0.0061688263984899	1.78587227909658
43073	1.10366986527067	7.87954464728337	5.53710214608139	7.52594628927543e-05	0.00619654706421698	1.77864389338224
10652	1.7890025835783	8.17978624788325	5.53689115876806	7.52876359506822e-05	0.00619654706421698	1.77827453893913
23415	1.3211899461832	6.69354809994114	5.53581512858575	7.54314891446665e-05	0.00619843755990692	1.7763907415113
5358	-0.698857425548487	5.04347452952342	-5.53440717103467	7.5620150614525e-05	0.00620399814865662	1.77392559221061
49690	-0.648496723790488	9.01826386759533	-5.53273254199895	7.58451864152551e-05	0.00621252041314476	1.77099316818015
40312	-2.0607627310577	7.69770780166457	-5.53021505023344	7.61848014055492e-05	0.00623015824791779	1.7665840648212
41457	-1.49729864151837	6.24666383671008	-5.52933776371686	7.63035217195641e-05	0.00623015824791779	1.76504738413607
26166	0.9454225586473	7.59628718212977	5.52534633564067	7.68461107435263e-05	0.00626448517406209	1.75805449842263
36153	2.0118367380971	8.4371173883834	5.52230566606106	7.72621557281586e-05	0.00626482671208681	1.75272579672464
20436	2.53308574788632	8.01270860755419	5.52188872313789	7.73193876358519e-05	0.00626482671208681	1.75199501151384
37420	3.41806054350284	9.33101596702335	5.5218392119888	7.73261867494321e-05	0.00626482671208681	1.75190823056964
18420	-1.05250097570944	5.18133929770771	-5.5217458124918	7.73390145243574e-05	0.00626482671208681	1.75174452312799
5396	-0.636943821730749	7.658722736568	-5.51436803161131	7.83593491623871e-05	0.006337466857493	1.7388090815152
1750	-1.47728729127217	6.59435045625158	-5.51196832015546	7.86942441174389e-05	0.00635452923049732	1.73460000670348
16475	1.15913144766926	9.49140836393565	5.508771600927	7.91426876222705e-05	0.00637423520449894	1.72899171577055
41756	-1.12680044499939	9.40469538148938	-5.50786950106954	7.92697180887294e-05	0.00637423520449894	1.72740881860168
36258	-0.980831862463525	9.86751494038283	-5.50739245506546	7.93369799610117e-05	0.00637423520449894	1.72657170849709
16224	1.73145039652299	7.63630968744548	5.50615245146536	7.95120949396245e-05	0.00637423520449894	1.72439562561119
1749	-0.692803900243302	6.66008867827642	-5.5058148348694	7.95598434136696e-05	0.00637423520449894	1.72380310428606
14330	-0.805631458939134	7.04079715571552	-5.50404646798541	7.98104292982155e-05	0.00638433630685694	1.7206993341126
31677	-0.89045893324319	6.34946392259985	-5.50011978978937	8.03698064160305e-05	0.00641906883767661	1.71380579159428
2032	-1.90109505309737	6.90388894964682	-5.49734840530163	8.07670662708654e-05	0.00644076530342907	1.70893912692693
23939	0.679977697413455	7.88174387745091	5.4963361735894	8.09126732861212e-05	0.00644235750841483	1.70716133507869
14317	0.515750119933122	7.31467893011219	5.4886069151002	8.20335756111442e-05	0.00652147848532873	1.69358158044972
20905	1.9620857157305	6.84230341546154	5.48703307198738	8.22637934572987e-05	0.0065296567698397	1.69081541378815
37444	-1.22731653484623	8.4041837939613	-5.47549550024662	8.39721926426812e-05	0.00665495850068952	1.67052642338084
39895	0.497398361283453	10.9194164892661	5.47146999128553	8.45769331925251e-05	0.00669254139873444	1.66344307855515
10159	-0.43759252458755	12.7093590411072	-5.466446425105	8.53379855218789e-05	0.00674235831374401	1.65460032812057
41307	-1.0203062389499	6.87227105110755	-5.4619362827727	8.60273401552402e-05	0.00677688611377957	1.64665830027471
44776	0.506379449370502	10.1837526217792	5.46185815012838	8.60393334127175e-05	0.00677688611377957	1.64652068917403
37494	-1.92534851677429	7.19123744261404	-5.46085960398573	8.61927625414658e-05	0.00677855842342975	1.644761924235
22792	-1.05342036608302	7.84682184757585	-5.45971162994076	8.636950423739e-05	0.00678205620103585	1.64273979440893
2309	1.17125994986057	7.45320277699542	5.45763757121414	8.66897844364473e-05	0.00679070052651121	1.63908591682388
49654	1.11509194814339	7.53916748295097	5.45728431461338	8.67444583209463e-05	0.00679070052651121	1.63846352283753
9162	-0.666107548447669	6.35605862920217	-5.4551715385305	8.7072206284471e-05	0.00680596714854045	1.63474070839371
7395	-0.66316150539117	4.92020485665569	-5.44772474036633	8.8237736481675e-05	0.00688462903860366	1.6216140751885
50838	-2.37170412096196	8.1232210641621	-5.44703126453765	8.83471001521415e-05	0.00688462903860366	1.62039127304108
34418	-1.27951180186061	8.10235733553956	-5.44338910847571	8.892380623216e-05	0.00691905476230689	1.61396796870373
20484	-1.45004429303583	8.30208508918447	-5.44232883143995	8.9092429138169e-05	0.00692167181286175	1.61209771423296
35140	-0.657366106217931	5.54215844076973	-5.44050588438752	8.93831242679755e-05	0.00693375049919018	1.60888179388554
49908	1.878227829582	8.79909982459879	5.43684518937785	8.9969865349003e-05	0.00696774240522847	1.60242243227251
4018	-1.22655965521775	6.17023760124518	-5.43607955807535	9.00930886704594e-05	0.00696774240522847	1.6010712242035
33235	1.85200081372891	8.73031698379505	5.43445938581871	9.03544251755088e-05	0.00696778365956577	1.59821162640903
1125	-1.11920334056658	6.75189052607515	-5.43405340089056	9.04200349698115e-05	0.00696778365956577	1.59749500683666
5934	-1.0453041686973	6.91122478162691	-5.43355105830428	9.05012855384742e-05	0.00696778365956577	1.5966082706426
37902	0.54930855277016	5.10250363989546	5.42829993260992	9.13551905278985e-05	0.00702298163344606	1.58733685291189
23608	1.16283556409397	6.75237604086164	5.42654113480596	9.16430692745293e-05	0.00703456589838438	1.58423064479849
23644	0.676730447062866	8.42658362749065	5.42348019288069	9.21463391823862e-05	0.00706262434666074	1.57882368943235
12232	-2.5536939976378	10.6385658760963	-5.42196636014771	9.23963024351373e-05	0.00707121313979717	1.57614911689145
41294	-0.593926593791653	11.3734070089123	-5.42056318614726	9.26286249866874e-05	0.00707842827841637	1.57366976461966
2342	-1.64298152097345	8.36466543018042	-5.41707959579942	9.32080367477768e-05	0.0071121060897009	1.56751320810099
19142	-1.24076478334768	7.47011360974469	-5.41545169909018	9.34800922793542e-05	0.00712051950514874	1.56463564047568
19332	-0.642673032338925	6.79192286810372	-5.41475945035188	9.3596032187968e-05	0.00712051950514874	1.56341186781608
33803	-1.25154793841807	7.69603740107914	-5.40971932004669	9.44446994485904e-05	0.00717443912433469	1.55449979323173
505	-0.725327340136351	9.40837646907621	-5.39904543378634	9.62685742522064e-05	0.00730217072981677	1.53561426252073
8359	-0.933141099195961	8.31742101599135	-5.39759877428832	9.65185787308005e-05	0.00731032000443209	1.5330534336754
23067	-0.545821161384199	6.58380010767117	-5.39583900640526	9.6823605414513e-05	0.00732260647674715	1.52993795718894
45914	1.02596684069023	6.58108213837643	5.38918524081489	9.79860354749509e-05	0.00739960523566065	1.5181542912624
38164	1.46384646253747	8.32996880774812	5.38565338327868	9.8608959381027e-05	0.00743312021667593	1.51189694707998
293	-0.63311824744332	6.06463602085987	-5.38502755129931	9.87197688500723e-05	0.00743312021667593	1.5107879879168
41205	-0.681154411329728	4.91628554164099	-5.37836204888435	9.9908040832852e-05	0.00750640128384622	1.49897349779163
30265	2.21694460038068	10.1474847726367	5.37792872819316	9.99858038237571e-05	0.00750640128384622	1.49820523033057
16437	0.554736404821207	6.46078965423709	5.37470402745026	0.000100566487640427	0.00753895792434285	1.49248709160593
41496	-0.50994701911528	5.44726401684245	-5.37359985967732	0.000100766125840069	0.00754248992722592	1.49052881525688
9666	0.40736380895614	8.21702862391422	5.37281769196892	0.000100907794876297	0.00754248992722592	1.48914151371272
3819	1.31185175517994	8.21987250877067	5.36786837515755	0.000101809057120904	0.00759877905812444	1.48036112694017
32388	1.16176107584114	5.91888405002571	5.36572926856227	0.00010220117659418	0.00761695862070231	1.47656517070715
10154	-1.53341556316364	6.98105529936428	-5.36132331741135	0.0001030137969938	0.00766637946974472	1.46874458124428
31623	0.793153967090675	5.4271957752336	5.35484504830916	0.000104220874232854	0.00774497035820845	1.45724073046014
522	-0.849303029225793	7.30242907429068	-5.35331230436236	0.000104508615476632	0.00774827495982227	1.45451809519906
1942	1.5948922869045	5.97723857316443	5.35299885358922	0.000104567561280073	0.00774827495982227	1.45396126801652
38583	-1.659296700089	6.95539001022261	-5.35165767164422	0.000104820167847985	0.00775578488683015	1.45157858230369
41367	-0.936978977729135	8.00307558890287	-5.34933196312363	0.000105259714193944	0.00777708516571853	1.44744623960093
31311	-0.739255954356731	6.41170450493473	-5.34745933171846	0.000105615026514469	0.0077921094957639	1.44411838546587
22930	-0.993795035001814	6.74386599505466	-5.34664108998524	0.000105770671343126	0.00779238066636514	1.44266413554536
24101	-0.963136218199918	6.30496915226715	-5.34573963957346	0.000105942420634063	0.00779383581123706	1.44106189286441
28074	-0.951689950375768	6.79037102842439	-5.33649119416638	0.000107721354984086	0.00791335271943268	1.42461717652695
2115	1.36484287853279	7.23316930417126	5.33485618070696	0.000108039071454809	0.00792533823736304	1.42170872162665
49599	-0.959244875750205	6.52616693376432	-5.33228783441717	0.000108540125550667	0.0079503792362424	1.41713925708174
15388	2.03080529442849	7.15182056154076	5.33081245123929	0.000108829049234153	0.0079503792362424	1.41451392304659
13020	1.10884868477672	9.28683131622463	5.33072813438726	0.000108845585143969	0.0079503792362424	1.41436387845461
19321	-0.92883876613495	7.26618957847211	-5.32885235414914	0.000109214133632416	0.00796595151655155	1.41102561304373
7243	-0.707735132131607	4.85675238957693	-5.32610728343376	0.000109755822195826	0.0079845523811986	1.40613942617834
49592	-1.9914795065434	6.96535883093177	-5.32598211742824	0.000109780587969908	0.0079845523811986	1.40591660774068
28648	-0.69353873640578	6.32238877209545	-5.32294094913032	0.000110384115756503	0.00801707637327256	1.40050210810517
40563	0.519754059128081	9.38916091122431	5.32080232928519	0.00011081059884874	0.00803666798665908	1.39669374493252
8013	-1.29782692739173	8.77535769950613	-5.3196095571124	0.000111049206221428	0.00804259759634174	1.39456943385622
42072	-1.30832924811568	10.8885999748375	-5.31731696575634	0.000111509329856169	0.00806453088533839	1.39048581060389
26671	-1.39088270227877	9.74997693586144	-5.31256701099028	0.000112468975365755	0.00811961128967797	1.38202277027505
42246	-1.12648651388176	9.55800405245057	-5.31198260999369	0.000112587636066796	0.00811961128967797	1.38098132336725
50028	-1.26076590634921	6.6718357727357	-5.30571482353642	0.000113868516276298	0.00819170766829317	1.36980870646763
41005	-1.18899248929894	9.56411207940671	-5.30552838351276	0.000113906848574246	0.00819170766829317	1.36947628607124
6110	-1.15517805271	7.3795422458568	-5.29990848612212	0.000115068634774535	0.00825421842274927	1.35945383894022
21020	1.13194193786207	5.2918480774532	5.29976709906092	0.000115098021925769	0.00825421842274927	1.35920163543559
14308	-1.38648921995573	8.75625896377877	-5.29635611301533	0.000115809364865362	0.0082936326715591	1.35311635530273
17412	-0.811545455033473	10.8298726844066	-5.29528752837231	0.000116033152783036	0.00829462397969636	1.35120964744455
2693	-0.784949006624827	7.56874155869356	-5.29474599203176	0.000116146735654536	0.00829462397969636	1.3502433081638
10344	-1.23198478532343	7.31069020990264	-5.28527340872698	0.000118152362825823	0.00842612038422378	1.33333356639117
12754	-1.7748419164594	6.45688083295636	-5.28015843362517	0.000119250311925466	0.00848376741388772	1.32419760497879
33256	-2.39082633159782	7.0239052284464	-5.2799670236878	0.000119291604364869	0.00848376741388772	1.3238556545224
4443	0.81172070378215	8.74834055206349	5.27900886061003	0.000119498530578791	0.00848671281711648	1.32214383811006
1518	-1.82791620925944	7.76964883094719	-5.27736296164839	0.000119854853707431	0.00850024547538342	1.31920304777862
36251	0.660207820314673	6.15230648617412	5.27580077898579	0.000120194075971264	0.00850558278655697	1.31641149512153
39190	-1.44437202213707	8.96565039131074	-5.27548913617468	0.000120261867545319	0.00850558278655697	1.31585456316235
6452	-1.33671821889127	8.75184326698818	-5.27181507134054	0.000121064092663525	0.00855052674299577	1.30928770278472
13968	-0.825462349770052	7.49298598382332	-5.27038357472256	0.000121378163213516	0.00856091705218192	1.30672861188723
21378	2.78359507856098	7.38152687683098	5.26560852388699	0.000122431956041672	0.00862338046427575	1.29819022334925
43870	-1.08371522028525	8.99743378335478	-5.26466731434501	0.000122640789919045	0.00862624025224822	1.29650685718356
1641	-2.08914221011535	8.89930834639646	-5.25803045877235	0.000124123926448874	0.00871860061998969	1.2846333344864
7871	-1.87201333800437	6.59048542583495	-5.25652458142634	0.000124463035020382	0.00873046044282505	1.28193844507504
396	0.762182427139835	6.60421404021465	5.25422303485759	0.000124983184268019	0.00875496961274172	1.27781904693368
37730	-2.00087777495436	6.24094838289116	-5.25299664503764	0.000125261271513481	0.00876247879689668	1.27562371313369
10552	-0.771034261291608	5.67767255410971	-5.2471446336019	0.000126597124731003	0.00884386126390589	1.26514534844574
45242	0.602634392155401	6.80203102030218	5.24512279916352	0.000127062092171174	0.00886426644648858	1.2615240593565
41647	-1.11712049253029	6.68206558744567	-5.23958082509649	0.000128345729525711	0.00894165166733741	1.2515950457074
25005	-1.08032245112861	6.08031284985178	-5.23686925684179	0.000128978694122002	0.00897355701465372	1.24673548138975
33009	-1.35206895472024	7.19749108351181	-5.2351124435529	0.000129390522109792	0.00899001139796974	1.24358646072315
23761	-2.0717948305649	7.7964691596173	-5.23377890895219	0.000129704039316076	0.00899959989170649	1.24119587278055
42282	1.2184114698889	6.43364173668074	5.2314641049	0.000130250133318222	0.00902527815679075	1.23704562242821
11382	-0.582909236381771	5.91626575506682	-5.23048965944372	0.000130480733249252	0.00902905543601703	1.2352983069403
10134	-1.14440822790937	7.62365274775152	-5.228759296983	0.000130891266248055	0.0090357900849055	1.23219521218179
35025	-1.47344973397526	7.86042733560156	-5.22812092626183	0.000131043060470874	0.0090357900849055	1.23105030686129
22131	-1.59909255997857	7.79833937522447	-5.22785346378308	0.00013110671314396	0.0090357900849055	1.23057060184571
17014	-1.32712066913879	6.10992605664093	-5.22683411363083	0.000131349600570032	0.00904037868299186	1.2287422668206
25973	-1.5938851647547	8.83887493054652	-5.22579896224761	0.000131596732135681	0.00904524669837688	1.2268854470041
31718	1.08767968279476	7.19499226913739	5.21985549623491	0.000133025064576925	0.00913118234437268	1.21622146484953
28423	0.793787618257301	4.99876513245445	5.21421537853968	0.000134395412421814	0.00921291332532208	1.20609736734788
17747	-0.78208016992039	9.27490770491373	-5.21332712799768	0.000134612560385224	0.00921547883352839	1.20450255443017
22058	-0.630431564860812	9.22391246919656	-5.21078315466053	0.00013523649956172	0.00924584900203566	1.19993438129525
22815	-1.14257469602408	6.96574257710308	-5.20573298607388	0.000136484041134998	0.00931226603069581	1.19086329933682
1846	-1.58730625462764	6.73795924509003	-5.20538201722521	0.000136571184473891	0.00931226603069581	1.19023276412819
42143	2.40369490488713	7.12351595083838	5.20296896051304	0.000137171899954901	0.00933613031759142	1.18589712554645
45639	-1.11661441795824	7.69482379603613	-5.20251457413841	0.000137285323727747	0.00933613031759142	1.18508062350695
45069	-0.927690927722542	6.29089269039984	-5.20127927875164	0.000137594171037181	0.00934450014491949	1.18286074021798
24851	-0.976278485252244	5.54289338273674	-5.19998805417452	0.000137917774204693	0.00934450014491949	1.18054013114272
34384	-1.38199117905482	7.91470469504912	-5.19983925133788	0.000137955117593105	0.00934450014491949	1.1802726860052
15457	-0.742072957229861	10.2184448027244	-5.19753094856012	0.00013853575527074	0.00937145037897421	1.17612356595518
23912	-0.671821896552195	6.49521517762666	-5.19644970891522	0.000138808607144172	0.00937753641623792	1.17417981789024
49460	-1.93435327627805	6.76007660995615	-5.19346927413831	0.000139563619947803	0.00941251043151982	1.16882107102955
12974	-0.843454401529146	9.63559624028219	-5.19190036711007	0.000139962774727041	0.00941251043151982	1.16599973855932
4508	0.657969940434782	6.58123805407851	5.19184798005939	0.000139976123285063	0.00941251043151982	1.16590552635466
9488	-1.31447026816604	6.68778275522648	-5.19151671034547	0.000140060563601873	0.00941251043151982	1.16530976663078
20496	0.804183672678365	4.95703185755941	5.18916184914384	0.000140662344001941	0.00943200109091413	1.16107433143892
3803	-0.757437356931439	6.79915920173325	-5.18894271047386	0.000140718481054476	0.00943200109091413	1.16068015265517
43161	-1.36064192009123	8.95187479677544	-5.18549932911973	0.000141603642292384	0.00946829547646357	1.1544854800673
33822	-1.26529569606804	7.5857613382877	-5.18539995424267	0.000141629273548006	0.00946829547646357	1.15430668032303
39165	-1.70769156969386	10.8870405945493	-5.18432810831004	0.000141906036126092	0.0094744451932311	1.15237808323564
40006	1.86205602442144	7.3985594682349	5.18270509544115	0.000142326187083681	0.00949013988153812	1.14945746715398
4202	-1.75953755326109	8.01785675663785	-5.18106189246358	0.000142752882525603	0.00950622961608157	1.14650016119475
21991	0.886794636303048	7.9805051879432	5.17862522460067	0.00014338806949371	0.00953129354343167	1.1421141779881
38503	-1.70923036416435	6.53859324675939	-5.17735721977273	0.000143719772908762	0.00953129354343167	1.13983146634681
5352	2.0470653470043	6.97082275411724	5.17728701126102	0.000143738162381247	0.00953129354343167	1.13970506799709
47251	-1.06950873554211	6.67680307509242	-5.17677330386638	0.000143872790440286	0.00953129354343167	1.13878020622385
42945	-1.15803065686933	6.58595273303376	-5.17573895562873	0.000144144261507681	0.00953695632653913	1.13691789336487
49575	-1.22938683630044	8.14958416216683	-5.17448137899889	0.000144475037770659	0.00954652324320656	1.1346534727369
39056	-0.669688123497521	9.34818478891398	-5.17336902202099	0.000144768275116052	0.00955358825592109	1.13265036251606
18778	-1.21875378832969	7.32204001219461	-5.17123374498646	0.000145332907888297	0.00957852208853511	1.12880473721265
44841	-0.850916266290167	8.25066157710186	-5.16505193271102	0.000146980513837195	0.00966567864042204	1.11766790245359
50548	-1.77269798515765	6.65838493528202	-5.16485871895925	0.000147032321934808	0.00966567864042204	1.11731973673026
20487	0.687387848148849	10.0859989063771	5.15965360010249	0.000148435184106444	0.00974061067607918	1.10793839593495
30769	0.518771691744069	5.09020382442081	5.15922210628379	0.00014855210134749	0.00974061067607918	1.10716054053937
32554	-1.05760769798516	6.14043067910174	-5.15632447083492	0.000149339726476199	0.00977974944418079	1.10193632410523
7389	-1.83473970939638	6.490764093226	-5.15392425937589	0.000149995430188978	0.00981016030404343	1.09760808339127
10216	-1.44734286629528	9.13520329386426	-5.15085587269752	0.000150838030627672	0.00985270173052806	1.0920738289974
4159	-0.772668098111537	8.81516027028076	-5.14868964834681	0.000151435852579874	0.00987916638280615	1.08816599782712
8600	-0.404795147472152	8.43333849668693	-5.14541128554802	0.000152345283861924	0.00992586629644728	1.08225070889395
24616	-0.717486580257282	6.89262304120908	-5.14282618233331	0.000153066403948435	0.00996019407215733	1.07758529686263
