	logFC	AveExpr	t	P.Value	adj.P.Val	B
18281	1.7965513774511	2.06311615436752	23.3369597172147	2.31519114000635e-15	4.89130432149141e-11	23.0031661519968
8964	1.65657543315371	2.05103164711937	21.9559603850141	7.02714711150512e-15	7.42312685123843e-11	22.2286030480288
8076	1.19866848918098	2.08100406690824	20.629094199564	2.17452390714584e-14	1.53137221954234e-10	21.4099305329434
12568	0.742240088280079	2.75573443640052	18.424153229857	1.66152553108994e-13	8.77576247383427e-10	19.8629149950632
8617	1.1241729089766	2.10543897687755	17.8965659819077	2.79233353888403e-13	1.17987261352006e-09	19.4537620408911
2380	1.58611046728657	1.64652792749567	17.3107731858834	5.05094887626134e-13	1.77852328181289e-09	18.9799621576473
2959	1.0496987424255	2.05451733798055	16.5701353866464	1.09676578435627e-12	3.31019581801357e-09	18.3497783614066
10075	1.26896806054075	1.84518449056554	16.4205820179376	1.28740375456061e-12	3.39987239032525e-09	18.2181073410647
6572	2.09992460350426	2.05059845657579	15.0623853820138	5.86661019953786e-12	1.37715415206263e-08	16.9492048110763
15076	1.18888683896883	2.00731864591157	14.9708496829333	6.52522312024328e-12	1.3785838886138e-08	16.85869820892
7722	-1.17507098747544	2.59997215394965	-14.7153166328641	8.8079896855951e-12	1.6916945280688e-08	16.6025150514709
15329	0.798353047458602	1.7689443047175	13.2692951881375	5.24932049316859e-11	9.24186617159773e-08	15.049060725843
16748	1.71727611147449	1.81602781480536	13.0910239125214	6.61378502237916e-11	1.07484181667542e-07	14.844551007348
14690	1.2177988296382	1.65391659256321	12.9223833698709	8.24903135611469e-11	1.24483775329025e-07	14.6483049559202
16374	-1.19294922709238	2.16952281743883	-12.7748478272092	1.00272281925319e-10	1.41230166682415e-07	14.4743616584846
3327	1.8857845910965	2.28788794141139	12.6091401008155	1.25125112299463e-10	1.65219890471922e-07	14.2764414610649
3732	-1.10120988851023	2.69592581200601	-12.5618299189868	1.33347563371141e-10	1.65719645373065e-07	14.2194330484781
21081	0.879260924233591	2.08726197687772	12.1727315836375	2.26729023082e-10	2.44059612286199e-07	13.7419527977901
13184	1.12054449201723	2.24895839217391	12.1608587415337	2.30479449968669e-10	2.44059612286199e-07	13.7271378226079
3495	1.77847372291994	1.71929818411954	12.1591000728725	2.31040481172148e-10	2.44059612286199e-07	13.7249420979113
7798	-0.711952440344972	2.15498135152314	-11.2956946764244	7.88880194613124e-10	7.63357938724443e-07	12.6068215264641
3506	1.04329821289704	1.65624165806213	11.290499792125	7.94901057979729e-10	7.63357938724443e-07	12.5998445981621
19976	0.878751419217453	2.26170314665453	11.1104773883266	1.03622714708525e-09	9.51842214629134e-07	12.3561608226591
14841	-0.490865304844464	3.11874520019135	-10.5590534315134	2.38238981586576e-09	2.08093403348528e-06	11.5861232293046
7345	0.544389628223367	2.12473211299661	10.5375945256157	2.46241069896966e-09	2.08093403348528e-06	11.5554199873183
15304	-1.18591935452494	2.71613178897421	-10.4917791975158	2.64279939386928e-09	2.14747779977986e-06	11.4896794541587
13819	-1.08585392416029	2.52601466286391	-10.0945717655088	4.92470129904302e-09	3.85348756832896e-06	10.9088221658577
6299	-0.647987991330864	1.84778642600124	-10.0627405475387	5.18044901132021e-09	3.90883379507722e-06	10.8614154492828
13540	0.493846712021117	2.25377967802505	9.80171587233339	7.88011792633726e-09	5.74080177343887e-06	10.4677658111447
16963	0.391887092620547	3.30178335716579	9.65718276409353	9.97351704136469e-09	7.02368315109706e-06	10.2459908319814
11490	0.402615513972535	3.13180781542804	9.53719559654017	1.21502481945719e-08	8.28059011634583e-06	10.0597889377264
2729	0.351127360866077	3.18052806386249	9.49020736143895	1.31328697291577e-08	8.56057553246722e-06	9.98634911643696
18057	0.225793893896262	3.34814831264851	9.47935098089818	1.33714674384162e-08	8.56057553246722e-06	9.96933932376771
12635	0.638661229238248	2.73831371121445	9.3710984419968	1.60132630283349e-08	9.95035905881267e-06	9.79886474472961
6803	0.957371263842072	1.42630218940062	9.00980565261603	2.95271713021541e-08	1.7823444231446e-05	9.21839423195129
8180	0.278243083789724	3.4035807608953	8.94730683240336	3.28769489362645e-08	1.92942027826795e-05	9.11615978252575
12086	1.24285354166603	1.65723023128975	8.87073085656146	3.75282568951787e-08	2.1428634687147e-05	8.99015748889891
14624	1.00021297632535	1.7184578074795	8.83000090414435	4.02766273874441e-08	2.23927449161719e-05	8.92280457487512
20472	1.75971766932843	2.08789255529524	8.67989025700119	5.2354714261859e-08	2.83614884156486e-05	8.67256286615172
7322	0.580458884069692	2.81192543281238	8.65029876651194	5.51511590253407e-08	2.91294634182093e-05	8.62285725331979
3906	-1.02215899247764	2.24041622014591	-8.60801396436987	5.94197325217629e-08	3.06185533899338e-05	8.55161496422739
2751	0.413754370106703	2.96292784912767	8.57568200290435	6.29147612006975e-08	3.16476228544556e-05	8.49697010879811
10479	-1.17837946340064	2.42159132882431	-8.52604019253593	6.87030156231653e-08	3.24882797654808e-05	8.4127799026693
837	-0.352120480839799	2.53976194694001	-8.51499962355081	7.00640692146429e-08	3.24882797654808e-05	8.39400783969976
16278	0.196962722678458	3.18621618896888	8.49356573746467	7.2787080631751e-08	3.24882797654808e-05	8.35751451815707
4537	-0.382981276986964	1.70466170407606	-8.4898232505288	7.32737142608616e-08	3.24882797654808e-05	8.35113582931566
17918	0.471688446974501	2.65067914985166	8.48882598266618	7.34039587527721e-08	3.24882797654808e-05	8.34943574961821
16729	0.539846782058633	2.3297189726395	8.48570946145232	7.38125350851081e-08	3.24882797654808e-05	8.34412198304985
7305	0.252952914381735	2.88085034690421	8.46284407596285	7.68834865163861e-08	3.31493350945243e-05	8.30509328447334
8714	-0.955795203771945	2.55132825482771	-8.43169882066888	8.12817947149393e-08	3.43448095388505e-05	8.25181130253304
18830	-0.993605193306951	1.79917547311369	-8.37736351260248	8.95926030866916e-08	3.71141750080889e-05	8.15852354826689
14068	-0.820472365107423	1.9926858830708	-8.33529178391035	9.6632236474135e-08	3.92605626920971e-05	8.08599939964052
5592	0.700946100531034	2.64849643691555	8.30208034938029	1.02594446923149e-07	4.0896469436705e-05	8.02856867462548
2169	0.29758378346108	3.08085369679994	8.26967634491599	1.08781063237805e-07	4.25595837597243e-05	7.97238074195428
13449	-0.42656532464748	2.56893008527155	-8.1604092388041	1.32659643411882e-07	5.09581870247788e-05	7.78179345981765
1394	0.388576429710764	2.90662027729442	8.11210895582282	1.44894451685943e-07	5.4664019299445e-05	7.69699429182731
19754	0.991122414906963	2.16392734559377	8.09686316550107	1.48995317057791e-07	5.52249835698237e-05	7.6701573124507
8268	0.198086997877889	3.3369708260784	8.01219212543127	1.74072365006546e-07	6.34073595774705e-05	7.52049544773537
18596	-0.335053817105987	3.06328966851998	-7.97188473961758	1.87514224196052e-07	6.71459832981355e-05	7.44888169613024
13224	0.140655227070914	3.38354147220217	7.92710714108193	2.0371850969853e-07	7.17326825733476e-05	7.36904715331219
6873	0.386273262891758	2.87003751353654	7.8777660198532	2.23269183170708e-07	7.62239296741384e-05	7.28073618603767
14871	-0.685283739211397	2.51778497496635	-7.87675566842223	2.23689290471746e-07	7.62239296741384e-05	7.27892412568017
20098	0.428152796117203	1.78192834000589	7.86483663201855	2.28707674579297e-07	7.66969371561399e-05	7.25753609054972
3173	-0.636397413659527	2.20652434567601	-7.82594786342791	2.45909912435267e-07	8.11771675003107e-05	7.18760743300542
9420	-0.543865143375517	2.54212042216308	-7.79713146512157	2.59519641093054e-07	8.43518685749685e-05	7.13564738031714
17438	0.640889679462328	2.37557410284358	7.76831308665287	2.73913891772893e-07	8.6700763959419e-05	7.08356172241167
16433	0.357265384882613	2.69715624360781	7.76629215563562	2.74953906625696e-07	8.6700763959419e-05	7.07990455817162
335	-0.370782433110703	2.9331452080456	-7.74612487233562	2.85559747315295e-07	8.87208938460331e-05	7.04337606585878
2790	0.628972170683117	2.44314568057154	7.70882933316751	3.06306611292656e-07	9.31616670707571e-05	6.97566594828147
12728	0.241671527442082	3.32245903278224	7.70474439085292	3.08672158609978e-07	9.31616670707571e-05	6.96823728917711
3796	0.429800630054995	2.17686718993219	7.6101970865459	3.69061733510233e-07	0.000109819256955925	6.79561184300259
20180	-0.351734685584124	2.8447406155994	-7.56440405104532	4.02598021571185e-07	0.000116885171804422	6.71152887516166
6398	0.625016617150819	2.1961245907667	7.56274253269589	4.03872653084811e-07	0.000116885171804422	6.70847226202207
8049	-0.649005422455108	2.44063638533628	-7.54142247153095	4.20604783094405e-07	0.000119059785555256	6.66921466926658
16507	-0.661928614376036	2.76291142017819	-7.53886773034078	4.22657448603407e-07	0.000119059785555256	6.66450601078942
370	-0.543076208416034	2.36444784014898	-7.48967451310124	4.64275216989977e-07	0.000126959430733197	6.57364994925256
18902	0.860900919563047	1.81851415968538	7.48889533899746	4.64967573679594e-07	0.000126959430733197	6.57220800301477
13690	1.13476143785463	2.43018864478941	7.48468326717453	4.68728906006029e-07	0.000126959430733197	6.56441155620384
17906	0.374996641734941	2.97422272192581	7.40212637097398	5.49178294770893e-07	0.000146866959919299	6.41107224821413
114	-0.361687240896131	2.89850663253419	-7.38784915215267	5.6448256766035e-07	0.000149072790087003	6.38445208592899
7927	1.30832022374624	2.63062949780931	7.36009451059135	5.9551178823983e-07	0.000153585922502907	6.3326169593993
18680	0.381237345934706	2.32108857522261	7.35957304966447	5.96111404612032e-07	0.000153585922502907	6.33164198111492
19027	0.744240916322759	2.32349434971475	7.35179016276822	6.05135502794328e-07	0.000154032503223323	6.31708550993155
7723	0.263955411777175	2.37387993410123	7.29305199532933	6.77974850631517e-07	0.000170118769108945	6.20693840902393
18092	0.606664209232426	1.6435421071775	7.28383619971116	6.90202474601318e-07	0.000170118769108945	6.18961058912702
19271	1.05475747960821	2.16674430608663	7.28213169257316	6.92488954577995e-07	0.000170118769108945	6.18640435130597
1710	-0.603312066736002	3.00125042088317	-7.25763021242547	7.26237034728916e-07	0.0001763587337094	6.14026890280871
4254	0.320689322976008	2.54787301028591	7.24177961757324	7.48973088560997e-07	0.000179813118659411	6.11037566478793
8545	-0.249604306464563	2.78295568864866	-7.23197237679654	7.63408610975905e-07	0.000181219480045932	6.0918612884081
2387	-0.268374991310708	2.97777875372863	-7.22249638801589	7.77630400764453e-07	0.000182544416410562	6.0739588061887
15963	0.149343368378766	3.59068824648902	7.19993051973785	8.12613415145745e-07	0.000188660259580046	6.03127309320187
12775	0.428609449850562	2.95093057675489	7.15121052396903	8.93812520802733e-07	0.000205256273119558	5.9388586265507
13208	0.306831526823236	2.00838355234532	7.13042320139506	9.30972798460892e-07	0.000211490992613798	5.89932201298509
11229	1.3107802474851	2.3181842618509	7.09336219752564	1.00124396526957e-06	0.000225034906960108	5.82867610240571
5732	-0.549546240197389	2.71951234113503	-7.08667228517854	1.01450265019407e-06	0.000225614710427896	5.81590227068344
7765	-0.316492030420892	2.53263108405248	-7.0738447434429	1.04043616181351e-06	0.000228971820735772	5.79139078279264
7313	0.18279425975183	3.21137296710033	7.0496271469814	1.09128418267369e-06	0.000237686195127288	5.74504885728064
595	-0.378215122187539	2.64105710621381	-7.0325549802656	1.12866960665242e-06	0.000243320436528018	5.71232852633665
17748	0.35759618883484	3.09688967355566	7.0033532688801	1.1957192048148e-06	0.000253110743589382	5.65626192756983
7594	-0.319935245939325	2.25753435752128	-7.00229174396136	1.19823279755395e-06	0.000253110743589382	5.65422147459588
20129	0.284629574829425	2.94169390645764	6.99341527661303	1.21946662791987e-06	0.000253110743589382	5.63715276468734
2229	1.13630559797594	2.83549826159554	6.99236493957568	1.22200482066157e-06	0.000253110743589382	5.63513229152232
19656	0.526871384186801	2.69441918997334	6.98689262101466	1.23531765438883e-06	0.000253384039653134	5.62460289707586
6781	-0.53726927089501	2.28480430751151	-6.94362166397174	1.34601518349938e-06	0.000273435219055687	5.54119036279232
16260	-0.412185925041486	2.95488982629698	-6.85096290509079	1.61894121518345e-06	0.000324647296978621	5.36165615127055
7757	0.314737957857774	3.05637781560549	6.84791186659089	1.6288452444613e-06	0.000324647296978621	5.35572327670731
9875	-0.235476742030109	2.91544237276194	-6.81551650039718	1.7379503331024e-06	0.000343155856892097	5.29264583061273
11954	0.895001154094098	2.11717018021147	6.80172144271674	1.78667874808743e-06	0.000349510758433732	5.26573912854108
6855	0.247776484440393	2.82425980732305	6.76039070924635	1.94130198700359e-06	0.000376274193389218	5.18496045352839
4291	0.291932065199377	2.52262810918457	6.7497423560145	1.98333582695682e-06	0.000380926691055606	5.16410886132596
12445	0.397261741223456	2.97030479558297	6.69159968056834	2.23002982632926e-06	0.000421636456626735	5.04996591529805
9106	-0.642971332523743	2.82134114205578	-6.69045121836628	2.23521006968307e-06	0.000421636456626735	5.04770641371252
9867	0.19660570422186	3.15706043845826	6.68393966051258	2.26481698551484e-06	0.000423440605778513	5.03489189869018
15616	-0.295318230901986	2.74203167072146	-6.67612979287533	2.30086206687285e-06	0.000426406253393181	5.0195143328245
1607	-0.177067174776836	2.95987120332906	-6.63195860795494	2.51618212041812e-06	0.000462255475287597	4.93237719212987
2925	-0.261298885850167	3.17521164888844	-6.61349029166965	2.61228071877482e-06	0.00047566888546139	4.89586179269011
8561	0.255655629294354	3.3483160524635	6.60937153815354	2.6342244331416e-06	0.00047566888546139	4.88771159192815
10278	0.508162488696998	2.31397528012992	6.5981490679045	2.69498595790324e-06	0.00048251668078493	4.86549226883135
1375	-0.250173154896635	3.14496162186607	-6.57027488054422	2.85224529258226e-06	0.000505736619101006	4.81022672847888
5986	-0.324132043763703	2.51474681946182	-6.56679176285173	2.87255144091072e-06	0.000505736619101006	4.80331306565805
5186	-0.262072849523421	3.30114410875214	-6.54754980260903	2.98745031585078e-06	0.00052161870101636	4.7650885513783
14329	-0.754554150158616	2.25486074570123	-6.53694745390692	3.05277639845374e-06	0.000527933955411001	4.74400436353923
10018	0.709368404434126	2.42948944456639	6.5336174980542	3.07359665430743e-06	0.000527933955411001	4.73737901707269
13750	-0.747678612758264	2.23748264302934	-6.51185626563235	3.21331404090214e-06	0.000547481336630157	4.69404383337628
4724	0.309965858874413	3.10207354086509	6.48405702140287	3.40138756153122e-06	0.000574888920099761	4.63858737025295
719	-0.735171170664056	2.35690956888842	-6.46007246325373	3.57277020901492e-06	0.00059906282703062	4.59065338553952
12618	0.203344887804735	2.64406512937452	6.43886862155427	3.73169797264407e-06	0.000616768064692909	4.54820951920065
3929	0.563189666013273	1.83216975806822	6.43820998809087	3.73674976478877e-06	0.000616768064692909	4.54689011967717
19712	0.283827100765273	2.72476014395835	6.41793933817552	3.89572680044157e-06	0.00063327276279732	4.50625351683994
16841	0.741710685609878	2.36703706002123	6.41781861194913	3.89669423787815e-06	0.00063327276279732	4.50601132478266
10500	0.398003422771731	1.65604361070885	6.39916595990598	4.04918368019454e-06	0.000653031325278397	4.46856732178546
17908	0.762624033754687	2.09918167103952	6.39541182588728	4.08061118197736e-06	0.000653114185163907	4.46102527616423
16505	-0.122156595843082	3.08673419119315	-6.39097605426936	4.11806936437612e-06	0.000654153770384769	4.45211129347658
6345	0.218902676873199	3.03868433327659	6.37299588231526	4.27357246622594e-06	0.000672171743761128	4.41595089900866
14533	0.176159187466654	3.3924953671279	6.37055678673569	4.29512876450761e-06	0.000672171743761128	4.41104211080114
11167	0.151624939676697	3.44447894758599	6.35772435633504	4.4104001541104e-06	0.000683201343142001	4.38520268327791
16678	0.352204353456454	2.63249254520847	6.35554595547832	4.43028276662348e-06	0.000683201343142001	4.38081398150919
13241	0.952945166748778	2.41445512909203	6.32115882615725	4.75667535231688e-06	0.000722096472530681	4.31144922689331
16311	-0.294164294923368	2.4837331813148	-6.31747284230852	4.79310244280847e-06	0.000722096472530681	4.30400427858266
11467	1.49679251343623	1.96629809463468	6.31604655402436	4.80727491084944e-06	0.000722096472530681	4.3011229599701
11033	0.46952371512887	3.0336587208058	6.31484806258756	4.81921723987438e-06	0.000722096472530681	4.29870160891016
10294	0.274159428869877	2.12625355189543	6.30995364897757	4.86830572897586e-06	0.000724314754479387	4.28881121382848
13994	0.209648640243113	3.32539971990967	6.28944659924808	5.07964984665343e-06	0.000746601905983634	4.2473357456448
7616	-0.570358959862206	2.699835901059	-6.28524892812958	5.12406394047355e-06	0.000746601905983634	4.23883884524158
1704	0.668334770329296	2.76103160699605	6.28524368415228	5.12411967471136e-06	0.000746601905983634	4.23882822890346
9250	-0.187612299884141	3.33028377177545	-6.27601538887129	5.22317449269212e-06	0.000755821969226756	4.22013987230226
2365	0.297340265625263	2.99632263531641	6.26774460968882	5.31362773985472e-06	0.000763680362312317	4.20338068832573
6307	0.556412425043447	1.58652792020438	6.24743930258525	5.54260553590931e-06	0.000791206940251055	4.16219614665096
16645	-0.249783386547939	2.99175238428801	-6.22824428824926	5.76841306295963e-06	0.00081527560504855	4.12321190246727
20728	-0.263281438764639	3.07854489255549	-6.22563419550232	5.79984161218117e-06	0.00081527560504855	4.11790704718317
368	-0.46667954534244	2.72445259280516	-6.22339204904459	5.82698046870502e-06	0.00081527560504855	4.11334928165983
7961	0.847199978675696	2.14302702902495	6.19837057943248	6.13886494777455e-06	0.000853261840471269	4.06244017065164
5103	0.747749831843366	2.10831858077548	6.19475814654089	6.18529265810592e-06	0.000854095934560809	4.05508325255969
9006	-0.973275842201901	2.41842076187374	-6.1882186493607	6.27026149558409e-06	0.000860206588423409	4.04176072330429
994	0.351993793924427	1.78283802205744	6.18487602014143	6.31415614029627e-06	0.000860639850167996	4.03494875402433
2502	-0.333375170636224	2.45705865309615	-6.17729856577522	6.41483703971782e-06	0.000865043833123526	4.01950102393902
18807	-0.357765795439553	2.58645937699166	-6.1732859331838	6.46882046476413e-06	0.000865043833123526	4.01131756280532
2654	0.360847933567055	3.19207689468092	6.17325035768715	6.46930116123998e-06	0.000865043833123526	4.01124499957212
8564	-0.34313874839703	2.72307911360742	-6.16937998116562	6.52181799682794e-06	0.000866581439113107	4.00334958710193
848	-0.457418022957792	2.54205035030881	-6.15589383015951	6.70826506364606e-06	0.000881522112671117	3.97582264844727
10641	0.368615981870886	3.27692794581295	6.1535962071712	6.74057288317656e-06	0.000881522112671117	3.97113047489195
5930	-0.679316992511702	1.46323482993527	-6.15226003607608	6.75943495303265e-06	0.000881522112671117	3.96840143932826
11627	0.259909608777635	3.5219043212581	6.14300345357626	6.8916064914655e-06	0.000888357796178261	3.94948894927809
14142	0.395093014421159	2.51429458988683	6.14163418524288	6.91138248475893e-06	0.000888357796178261	3.94669036865474
20067	-0.577089269425201	2.75727670820643	-6.13979786303648	6.93799575753364e-06	0.000888357796178261	3.94293680556665
3509	-0.273664321502002	2.77181366114566	-6.12077557595342	7.21996619040013e-06	0.000918892925931226	3.90402748964435
8195	0.290217370365876	3.05430466086489	6.11705002728901	7.27655778910646e-06	0.000920549918625463	3.89640137691346
8527	-0.37725601005239	2.66476198018294	-6.10544028716823	7.45585707787939e-06	0.000937618407644988	3.87262465249613
10256	0.491538396277068	1.68340692077263	6.09552222729825	7.61262943565831e-06	0.000951668769746468	3.85229829475793
9377	-0.885528592934192	2.20252905180015	-6.08549493063316	7.77457915324705e-06	0.000966197257474414	3.83173479852906
16920	0.529916025441385	1.86385161560009	6.0551408091717	8.28677651616596e-06	0.00102382881553824	3.76940500104805
1156	0.829377483602969	1.78158815194185	6.02855656874702	8.76384741185877e-06	0.00107647560622291	3.7147167501805
10141	0.333757033609867	3.07067552551484	6.01621079141648	8.99491912714196e-06	0.0010984720023071	3.6892879368185
83	0.12086074741962	3.35708956860224	5.99770285635174	9.35312600540911e-06	0.00113528185316294	3.65112957863818
10552	0.231696020837473	3.20452550986371	5.99377579644882	9.43099927139154e-06	0.00113528185316294	3.64302731179476
7624	0.0911287138124303	3.51522839588859	5.99244461606458	9.4575475058777e-06	0.00113528185316294	3.64028038053487
171	0.432644533779996	3.15117436561763	5.98406834396376	9.62637107701546e-06	0.0011490188799102	3.62299041345378
7889	0.320351704305962	2.99368626471032	5.97406664302808	9.83202081772712e-06	0.00116697249334899	3.60233339538585
9169	-0.291278060657203	2.69335626067486	-5.97117601161204	9.89229386112225e-06	0.00116756699667	3.59636081844802
14225	0.410892672375463	2.97217340338604	5.96585213269844	1.00042990011858e-05	0.00117422680554473	3.58535787994611
7854	0.207660767674921	2.91408647921423	5.96078453470361	1.01121236733634e-05	0.00118032506545385	3.57488120398674
7057	0.339505690732637	3.49750058611387	5.95684185671643	1.01968389564707e-05	0.00118367371776569	3.56672788169061
14860	0.189796587601904	3.36095767473223	5.95224778910942	1.0296471440014e-05	0.00118870793504468	3.55722498372411
617	0.181109676211169	3.33275318178038	5.9467410910449	1.04172161847093e-05	0.00119611155616496	3.54583071968809
17387	0.948259750412658	2.1619206411724	5.93769379506738	1.06187645135045e-05	0.00121266290744222	3.52710192305819
6710	0.310923068476238	2.28241575607229	5.92243414256205	1.09678346127689e-05	0.00124579269819338	3.4954891798961
17615	-0.226776715473705	2.94514010578309	-5.91481291437164	1.11465673431482e-05	0.00125396475570658	3.47968948169697
17467	0.374281291322771	2.29634465506872	5.91430909269506	1.11584879099179e-05	0.00125396475570658	3.47864473940282
15369	-0.582129073407875	1.73717910716409	-5.90888769602771	1.12875917102209e-05	0.00126176164053882	3.46740069553884
6420	0.479462914975163	2.05657191294721	5.89477996591467	1.16307928607774e-05	0.00129328295141918	3.43812357294267
576	-0.285888827933853	2.37073700643288	-5.8878675209459	1.18028489316392e-05	0.0013055433998887	3.4237692774872
8968	0.662173554828442	2.39013688943551	5.88270599500074	1.19330270498869e-05	0.00131306803376542	3.41304697399903
658	0.683498617366101	2.21502450041293	5.87905405816538	1.20260223283482e-05	0.00131644442347674	3.40545858336194
9276	-0.117967877135836	3.27019858300907	-5.84618707575608	1.28972210642269e-05	0.00140453396610269	3.33708841632592
12351	-0.187637305521096	2.91575127426422	-5.83519492772056	1.32028424725265e-05	0.00143044334829265	3.31419222857073
2952	0.184893582555551	3.12882039598038	5.83117302851454	1.33165157677588e-05	0.00143539810523184	3.30581100953827
10961	-0.257615138450685	3.04846931967236	-5.79476287714111	1.43924711099945e-05	0.00154350120376068	3.22984457610514
21106	0.42471476716109	2.39746299094926	5.78422225416359	1.47203264921416e-05	0.00157068857474483	3.20782193470647
18959	-0.615908615674475	2.6920144521127	-5.77767160224336	1.49279313735922e-05	0.00158483621170796	3.19412869758638
9872	-0.435217961064603	2.35684347553578	-5.76669432533487	1.52825888943938e-05	0.00161437627785929	3.17117040701459
1462	-0.304099427056443	3.10149713499957	-5.76428425464649	1.53616053411069e-05	0.00161464993055506	3.1661279191751
5535	-0.446111076587106	2.72781124254832	-5.75982731868552	1.55088367608374e-05	0.00162205541706045	3.15680099238588
1546	0.0914435275934428	3.47595997678376	5.75659602117131	1.56164851813981e-05	0.00162526838634186	3.15003741426953
11714	0.222369194225892	2.95618144537476	5.75037172559116	1.58260097202617e-05	0.00163900052627436	3.13700546592873
361	0.220303217643513	3.42719234885588	5.74789645667141	1.5910132921048e-05	0.00163967501572186	3.13182162838182
3482	0.235510152408687	3.1012807504448	5.74227940261286	1.61027376229297e-05	0.00165146862990115	3.12005533679499
18468	0.389304508649191	1.832967024612	5.7197046901027	1.69012570873717e-05	0.00172498965451644	3.07272852137645
6700	-0.423011625848815	2.87823407434643	-5.71116095002102	1.72139675942334e-05	0.0017484591027085	3.05480092624994
4119	0.51215635706941	1.7890912649234	5.70481090513597	1.74502270983304e-05	0.00175572218962088	3.04147074387837
7241	-0.290330223188277	2.91791121977409	-5.70477210754186	1.7451680779116e-05	0.00175572218962088	3.04138928406341
1945	-0.416390063734362	2.47203043368968	-5.69605456065252	1.77814830972964e-05	0.00177533791631892	3.02308126159264
9434	-0.313829112122369	3.05555116629279	-5.69518517701123	1.78147223107687e-05	0.00177533791631892	3.02125493994716
2487	0.311113101516896	2.16215605321813	5.65398917156261	1.94651023565983e-05	0.00193070055158616	2.93461099452971
7145	0.226165133953769	3.34118993524083	5.64003821154628	2.00588842941834e-05	0.00197314415308583	2.90522366430412
21041	1.05408882422288	2.45551796711017	5.63955448360654	2.00798027601388e-05	0.00197314415308583	2.90420429385893
5791	0.794261230803428	1.98400967123054	5.62426795740213	2.07525082434011e-05	0.00202354800872782	2.87197654910804
17988	0.440327346322039	2.56834354995121	5.62355813560667	2.078430055824e-05	0.00202354800872782	2.87047940727735
12602	-0.168790975859002	2.58601581901413	-5.60766929827684	2.15091659916808e-05	0.0020845144491112	2.83695164096216
20807	-0.186318927691635	2.87684225203635	-5.59236708466858	2.22317727813791e-05	0.00214470622626574	2.80463406485884
6850	-0.323902981148414	2.26262678808716	-5.58332109622582	2.26706005694126e-05	0.00217709899195446	2.78551664546355
18990	1.29335249433737	2.4211510614286	5.5810768562854	2.2780838166839e-05	0.00217745186037653	2.78077230456227
2416	1.06844340701589	2.78305841150808	5.5790594011732	2.28804048375818e-05	0.00217745186037653	2.77650689514401
8128	0.155479088366309	3.27780284068591	5.57185792056349	2.32394680440421e-05	0.00219332617983187	2.76127734261217
14378	-0.547815698935444	2.06452175269362	-5.57155211003156	2.32548428211454e-05	0.00219332617983187	2.76063048898842
5330	-0.30683397114314	2.77702264682864	-5.56910915706368	2.33780382759916e-05	0.00219514584291944	2.75546274557928
20819	-0.368901913905731	2.8988923668944	-5.56546128773174	2.35632423771307e-05	0.00220274611372407	2.74774489225773
12336	0.221746225547854	3.20976256771493	5.54985789134188	2.43725584876754e-05	0.00226836582893885	2.71471543963539
6366	0.298401721143405	0.970204309670577	5.53702593346669	2.50594365808798e-05	0.00232206454668529	2.68753190984595
5835	0.266042099512159	2.75948892039062	5.52499735300807	2.57213167606743e-05	0.00237298803145313	2.66203340995051
7172	0.170909220472165	3.28860088674263	5.51851604682911	2.60853508953633e-05	0.00239378868729144	2.64828743087316
9293	0.217707511457387	3.43223047348265	5.51696251813102	2.6173388875104e-05	0.00239378868729144	2.6449919064005
9165	0.164375871759207	3.11210191016936	5.50819604411478	2.66759169547176e-05	0.0024292331788893	2.62639039541429
8041	-0.27904246205349	2.10078837832527	-5.50115597646551	2.708662772332e-05	0.00245604799961623	2.61144593110479
4096	-0.172035634448455	3.2692058746671	-5.49579905268322	2.74034793388762e-05	0.00247415943586511	2.60007070926849
8843	0.242061993828444	3.30535483631099	5.49127719719119	2.76738909003359e-05	0.00247881439188524	2.59046624710628
17891	0.177097038583863	2.82175519949568	5.49101431195483	2.76896954837373e-05	0.00247881439188524	2.58990780686459
13600	-0.243492745364875	2.92326496253176	-5.48862621532317	2.78336911079666e-05	0.00248119152758654	2.58483448557162
6454	0.469428593671659	1.55641214103131	5.48508543585434	2.80486027401354e-05	0.00248984382391109	2.57731122178949
17713	-0.130772565642632	3.02268491422678	-5.48071216108748	2.83163904359407e-05	0.00250309782736452	2.56801720659116
9933	0.140536024477443	3.20075715043168	5.44624471669969	3.05206744598189e-05	0.00268670953880248	2.49469416412316
15261	0.175239198939035	1.88664046698914	5.44013599807836	3.09293004909635e-05	0.00271138311814351	2.48168551550236
16953	0.767887483295249	1.4309085411785	5.43515325347445	3.12667509646849e-05	0.00271880679173558	2.47107166572171
1121	-0.264028448310178	2.40156716150851	-5.43508555946857	3.12713613097811e-05	0.00271880679173558	2.47092745083927
14314	0.814948856934447	1.69934894844151	5.43136770056445	3.15256397328571e-05	0.00272968110916423	2.46300618935883
19023	0.555057369841779	1.87189730663706	5.41960537823027	3.2344132048572e-05	0.00278912031751094	2.4379356258101
7132	0.107657998436294	3.6799921146193	5.4077783200842	3.31890642755962e-05	0.00285034699573383	2.41271215156955
984	0.298251981160628	2.91930278627725	5.40324630099349	3.35187887709293e-05	0.00286700992049969	2.40304280022062
2606	1.69784001180496	1.44227237510255	5.38339769814938	3.50028091953971e-05	0.00296458553944195	2.36066891419038
20200	1.39156229748878	1.93609964616314	5.38301843157098	3.50318110805146e-05	0.00296458553944195	2.35985883048058
18158	1.41019987777233	1.84650466023829	5.38238202446235	3.50805313040416e-05	0.00296458553944195	2.3584994807642
12883	1.27617399177119	2.14901445395093	5.37314979685136	3.57951511249827e-05	0.00300651031285144	2.33877489269135
12703	0.669236013894909	1.83228610012813	5.36785508258916	3.62116879558202e-05	0.00300651031285144	2.32745874864365
5980	-0.379171737089885	1.64390312527724	-5.36767106505154	3.62262534755592e-05	0.00300651031285144	2.32706540398048
16052	-0.251822723223265	3.12542521819695	-5.36720053285977	3.62635247083762e-05	0.00300651031285144	2.32605960701047
17570	-0.262202154379826	2.97064400140989	-5.36688969147213	3.62881682102105e-05	0.00300651031285144	2.32539514814959
10484	-0.488331149448397	2.17676466559026	-5.35865491268294	3.69472951330701e-05	0.00304916212607958	2.30778870767303
194	0.998854804061798	2.44486277867046	5.34939516451512	3.77031012778994e-05	0.00309942965252211	2.28798241606935
10672	0.139935489018059	3.32545339582264	5.33512782162708	3.8898714257587e-05	0.00318532223302341	2.25744772521597
18459	0.821526263763467	2.37048834865003	5.32425791224072	3.98355827764633e-05	0.0032494453950515	2.23417014221818
18159	1.63375293375805	1.56515688588774	5.32206153428226	4.0027670663742e-05	0.00325255614658799	2.22946520052387
16251	-0.420302934523473	2.28558841690759	-5.31862911960419	4.03297559341814e-05	0.00326062706374668	2.22211151629721
3927	-0.186397409556249	3.10122229706922	-5.31743195786628	4.04356648223426e-05	0.00326062706374668	2.21954640779768
2553	0.443910408841206	1.98839376993878	5.31214726089442	4.09065919346166e-05	0.00328469107246242	2.20822137068531
6412	-0.277892374293008	3.11849590716374	-5.31060549394355	4.10450344644331e-05	0.00328469107246242	2.20491685105927
8581	-0.12795028219994	2.95824758575509	-5.30591081918356	4.14695475921306e-05	0.00330316244626342	2.19485312120184
69	0.088998546410866	3.40778860793632	5.30460363119734	4.15885459698997e-05	0.00330316244626342	2.19205057444802
6585	-0.195897708827788	2.73237875025447	-5.29897742447613	4.21047176757584e-05	0.0033186020663728	2.1799862996827
17882	0.799849163145224	2.52628968867683	5.29623298376025	4.23588749943544e-05	0.0033186020663728	2.17410024095017
5891	0.216058940520765	3.35945441051321	5.29587908522876	4.23917627627867e-05	0.0033186020663728	2.17334117243377
4376	-0.357144839114147	2.7431421678632	-5.29566947911518	4.24112537473686e-05	0.0033186020663728	2.17289158735877
17887	-0.22928480419779	2.89222825817826	-5.2879363964563	4.3136779991419e-05	0.00335479650652012	2.15630178915184
18635	-0.18093408527691	2.94053571143889	-5.28735964253898	4.31913972534422e-05	0.00335479650652012	2.15506423821592
11302	-0.648541541815888	2.87476450703408	-5.28134396533842	4.37652971985915e-05	0.00337750369822194	2.14215431794205
8748	0.808913043264397	2.5176292485044	5.28094664667953	4.38034748574247e-05	0.00337750369822194	2.14130152696748
12953	0.159376771498026	2.948290572623	5.27784772075424	4.41024152581578e-05	0.00338818809876036	2.13464956161882
13948	0.347763240318467	2.58142827839829	5.27397710499187	4.44787268116602e-05	0.00340471761358676	2.12633979550291
2532	0.254754874848754	1.91597506377868	5.26426046345877	4.54379244635552e-05	0.00346558494635932	2.10547275677797
5804	0.20568776416577	3.24330417882258	5.25714970183213	4.61532460217199e-05	0.00350748067878013	2.09019610003321
14220	-0.246545481882608	3.02006720843162	-5.25348853001915	4.65260243245838e-05	0.00352313733299456	2.08232855752504
14510	0.763809269915295	2.27187197622749	5.25037734747334	4.68452193413683e-05	0.00353463910366103	2.0756418640147
7091	0.298359635294903	3.34349041277007	5.24829089810847	4.70605328357778e-05	0.00353824867338604	2.07115704372376
1773	-0.583027037173991	2.4521492182933	-5.24219027681016	4.76959095608869e-05	0.00357330312515197	2.05804133313435
16429	-0.469618993954165	2.57132758433739	-5.22313961485873	4.9736994822042e-05	0.00371305120001866	2.01706115526912
4924	-0.147364479743167	3.00644021414313	-5.19733179123362	5.26451454972177e-05	0.00391631686239338	1.96149006896887
16933	-0.807982270545258	2.60126212807431	-5.19046050385133	5.34483033887458e-05	0.00396211335331239	1.9466837258065
2958	-0.522522228140515	2.58032150553326	-5.18615504064008	5.3957914456903e-05	0.00398590510045801	1.93740399375534
15296	-0.565434185470002	2.67936834995201	-5.18416763377242	5.41948217034973e-05	0.00398945643947661	1.93311987251034
15410	0.22727048460267	2.48571313441805	5.1771886404289	5.50351886949513e-05	0.0040372514984661	1.91807279564281
20808	-0.302727989525458	2.7897257421761	-5.17530018389299	5.52648626716139e-05	0.00404007181198335	1.91400040355526
17210	-0.517775737227107	2.83063373338369	-5.17334916289966	5.55031730731462e-05	0.00404350185350469	1.90979274510002
2058	-0.32993443634272	2.40078452548247	-5.16901052701827	5.60368881662251e-05	0.00406496860324798	1.90043458416114
10252	0.409194252982315	2.88215215613573	5.16617190660812	5.63889108133021e-05	0.00406496860324798	1.89431091754363
1403	0.262492753549009	2.13286886259064	5.16558232680903	5.64623082510455e-05	0.00406496860324798	1.89303894214426
638	0.175370537436705	3.14724976716092	5.16473901938805	5.65674619848964e-05	0.00406496860324798	1.89121951211528
5444	0.104260958019046	3.71767749948553	5.16244997838983	5.68538956188053e-05	0.00407170255165593	1.8862805909176
4218	-0.222969883158712	2.63564165973174	-5.15160127091929	5.82316828240217e-05	0.00415628636156455	1.8628664561943
16572	0.169932089786065	3.07619452882051	5.14280231995033	5.93741400050308e-05	0.00421040422068407	1.84386828276592
15272	-0.355364118478012	2.65137992713581	-5.14269296257988	5.93884819313605e-05	0.00421040422068407	1.84363212045412
3570	0.814957222589926	2.13793912087951	5.13626378639896	6.02378920134649e-05	0.00425634095173402	1.82974610930216
18093	-0.281264066227494	2.9001149674295	-5.13431297574941	6.04980720024171e-05	0.00426047589065022	1.82553192445714
3221	0.835856674948353	1.26967744059303	5.12823177074398	6.1316502799015e-05	0.00429068949779352	1.81239296564198
2271	0.357988687000085	2.03221832722462	5.1267468095102	6.15180640985276e-05	0.00429068949779352	1.80918407533557
20092	-1.04067988595375	1.91706066799493	-5.12574513625292	6.16544078008425e-05	0.00429068949779352	1.80701942237279
2670	1.61604779049474	1.54769137484319	5.12419680756902	6.18657666526822e-05	0.00429068949779352	1.80367324965223
13489	0.384642343976261	2.33823315882196	5.12353416212812	6.19564485417826e-05	0.00429068949779352	1.80224110683535
19366	0.240135925305861	2.02222560138056	5.12215483294571	6.21456423687612e-05	0.00429068949779352	1.79925990472795
12174	-0.257894687966779	2.86309202435262	-5.10906757208609	6.39703193784082e-05	0.00440228318406394	1.77096540901564
16304	-0.167465971643356	3.00089221257971	-5.09892104376056	6.542251896149e-05	0.00447523522320019	1.74901828522864
7535	-0.172384545147772	3.07009567821991	-5.09870330169315	6.54540485619756e-05	0.00447523522320019	1.74854720571691
5760	0.287942040033867	2.66895581622434	5.09693895704502	6.57101021392435e-05	0.00447824944482515	1.74472993654506
14089	0.435164135773485	1.90567582064869	5.09001315817748	6.67251326268874e-05	0.00453280346304903	1.72974290169189
10096	-0.226894119908904	2.9101765467977	-5.08404187647606	6.76130967248204e-05	0.00457840350802975	1.71681802370515
15150	0.350195290731217	2.63721250192598	5.08180923680974	6.79481889352043e-05	0.00458639420969349	1.71198466374416
16932	-0.655564887136766	2.66603102037767	-5.07958229456146	6.82841125134581e-05	0.00459438995245805	1.70716320701191
6841	0.196606705585739	2.47563745125444	5.07553260153484	6.8899333892931e-05	0.00462106738779668	1.69839429070371
5189	0.181612140573988	3.29533110441905	5.05949139885846	7.13923151394476e-05	0.00477311848718705	1.66364594642796
20005	-0.764629620823918	2.33730179746012	-5.05797208390492	7.16331493322162e-05	0.0047741121323083	1.66035367528918
13884	-0.184463819859719	1.88511309962741	-5.05240533541093	7.2522658517406e-05	0.00481819561791584	1.64828916351015
2258	0.626611885532996	1.70005138929808	5.04928469678075	7.30262195593732e-05	0.00482825574145536	1.64152482360155
10482	-0.227278354479946	3.34549342320553	-5.0486371798701	7.31311514775272e-05	0.00482825574145536	1.64012115373259
17594	-0.200690264605464	2.99447741889098	-5.04000694064612	7.45444650882885e-05	0.0048983993371899	1.6214093778979
8550	0.177585196909312	3.31925293865803	5.03932518256013	7.46572909819259e-05	0.0048983993371899	1.61993094767042
15833	0.153970002811025	2.58029702644408	5.03114873307253	7.60240660805641e-05	0.0049545069742245	1.6021968352612
20044	-0.349461541068003	2.93070682101502	-5.03024929335722	7.61759644790504e-05	0.0049545069742245	1.60024567689832
13181	0.310563534717635	2.36032306430948	5.03001272046637	7.62159685058439e-05	0.0049545069742245	1.59973246715497
2450	-0.529369106262854	2.76959423616013	-5.02795989563013	7.65639970849772e-05	0.0049618637006574	1.59527897338596
1687	-0.358287169657382	3.07199312045152	-5.02126977761159	7.77094914383429e-05	0.00500806663808347	1.58076269634407
4014	0.449627012335775	2.0938961672803	5.02102911012346	7.77510227335342e-05	0.00500806663808347	1.58024042497432
16273	0.329366671519916	2.72979144568853	5.01771543409547	7.83251583104396e-05	0.00501640574382122	1.57304894712643
8419	0.29418239245537	2.76027659281847	5.01754175215983	7.83553696909642e-05	0.00501640574382122	1.57267199042097
21033	0.442521897345893	1.94676431627149	5.01375596777894	7.90168510519494e-05	0.00502604699062514	1.56445476435087
1759	0.477794119978643	1.71124119651547	5.0130295338137	7.91444281289723e-05	0.00502604699062514	1.56287787025241
11204	-0.538340081113283	2.40175974786884	-5.01260174568268	7.92196548434785e-05	0.00502604699062514	1.56194923626697
18899	-0.829120449985472	1.7197009936932	-5.00956627470066	7.97555394896134e-05	0.0050262247860246	1.55535946611495
623	0.673578847026088	1.62444120240614	5.00944031541901	7.97778560565696e-05	0.0050262247860246	1.55508600209345
8993	0.341243638326629	2.47098040290168	5.00737847397122	8.01440638040755e-05	0.0050262247860246	1.55060945518508
8319	0.331706921436828	2.48783148834917	5.00720991028724	8.0174078330586e-05	0.0050262247860246	1.55024346446364
14265	0.228712230904068	2.88700957617253	5.00106359219236	8.12763489428033e-05	0.00508025273406688	1.53689680889268
5853	0.556572128113028	2.18819087998416	4.99968925974876	8.15249233976239e-05	0.00508075827911977	1.53391204326211
9130	0.275114796282353	2.73250521708315	4.9969095258893	8.20300607756413e-05	0.00509720321766757	1.52787456962703
6777	-0.206007744878747	2.67516130895106	-4.99512813467634	8.23554523858935e-05	0.00510241537406678	1.52400512931441
11494	0.369740000893155	1.97743594242984	4.9922273127799	8.2888136117464e-05	0.00511113358595625	1.51770357599559
8141	-0.218894136309222	2.78941900055005	-4.99172887924097	8.29800170390019e-05	0.00511113358595625	1.51662074386136
11946	-0.233428123552207	3.10033026397594	-4.98766491260526	8.37330464712589e-05	0.00513755628404712	1.50779115253576
18973	-0.493269645173493	2.59468491796737	-4.98587860481195	8.40662366593317e-05	0.00513755628404712	1.50390970620189
14486	0.100055959404574	3.14620368461462	4.98360187994092	8.44928591247479e-05	0.00513755628404712	1.49896226912884
15451	0.659032189768428	2.34252106469408	4.98321749680887	8.45651036718458e-05	0.00513755628404712	1.49812694454921
2409	-0.426545738612116	2.5518932321785	-4.98289976815892	8.46248680289865e-05	0.00513755628404712	1.4974364616798
4466	-0.189807814744419	1.47010917626374	-4.9802269330989	8.51293303852985e-05	0.00515337353309514	1.49162758067467
20757	-0.444846440218679	2.71073501597431	-4.97871804393915	8.54154642060859e-05	0.00515592146366279	1.48834805620744
7275	-0.325515706730975	2.75375714662215	-4.97494799560565	8.61346732717287e-05	0.00517692301767514	1.48015318225201
6943	-0.202171359172257	3.17395157806999	-4.97432839488135	8.62534624992498e-05	0.00517692301767514	1.4788062616783
6228	-0.513729509752895	2.70758451070762	-4.97079851407007	8.69333961882092e-05	0.00520295144835211	1.47113224326039
1043	-0.863999825314199	1.91708566995806	-4.968823690819	8.73161686732224e-05	0.00521109801005415	1.46683851699821
5752	-1.07814171357718	2.10709643384671	-4.96699799874717	8.76715616637451e-05	0.00521756924864772	1.46286876394615
12864	-0.824190190504611	2.6556231399438	-4.95615197627982	8.98134388603919e-05	0.00532920909692922	1.43927998440047
1119	0.186543380076797	2.54388514570353	4.95496050641595	9.00519547310897e-05	0.00532920909692922	1.43668812376585
9915	-0.108234346372713	3.25777874953849	-4.95251589599067	9.05433523298232e-05	0.00534332235941948	1.43136990274782
15507	-0.46104550144237	2.54936964002174	-4.95038597636928	9.09737173378076e-05	0.00535376525402747	1.42673591086518
3813	-0.320356085428698	1.81949615864533	-4.94490076786571	9.2091650783111e-05	0.00539994811099175	1.41480032313984
14255	0.215176849663075	3.49789575879303	4.94403357565465	9.22696676323199e-05	0.00539994811099175	1.41291313678345
2878	-0.961550856667633	2.56545623612567	-4.93785976083772	9.35471875347263e-05	0.00545958958852531	1.39947599741602
322	0.199356464696867	3.0164692875026	4.93550330495088	9.40395312873876e-05	0.00547320434575382	1.39434646822888
5643	0.498911289029611	2.39687436552941	4.92356540226214	9.65745777504034e-05	0.00560530523113399	1.36835359328607
3673	0.455572331598992	2.49530670720253	4.91288195380359	9.89021537814596e-05	0.00572467343271479	1.34508300947108
7185	0.295253449088513	2.82629753614555	4.90533616896269	0.000100580449907508	0.00579213838149616	1.32864173903966
10450	0.249719116344652	3.11616811919633	4.90517760391564	0.0001006160262228	0.00579213838149616	1.32829620157355
4840	0.187724703471359	3.24752767307937	4.90362719792481	0.000100964556851011	0.00579640813204162	1.32491753245808
1148	0.65173909821717	2.50190292699268	4.90054803241395	0.000101660397306923	0.00582053987507686	1.31820684257091
16768	-0.129181988003294	3.06289306204319	-4.89686327508923	0.000102499505512742	0.00585272176477757	1.31017542105835
12333	1.02750087670068	3.20973532044763	4.89484982841628	0.000102960988380084	0.00586322588007016	1.30578642557829
14057	0.50704281430615	3.24877841291424	4.88792068629219	0.000104565360471842	0.00593858164163604	1.29067973793159
19169	0.376378679394442	1.90963524335327	4.88268002064492	0.000105795649117737	0.00599234498367405	1.27925190421757
12113	-0.173351624052025	3.02771198479435	-4.88082594363092	0.000106234424774314	0.00600110880269234	1.27520841704346
10348	0.446375872366123	3.12048065849205	4.8648178918617	0.00011010059742427	0.00619941207952165	1.24028685662309
7610	0.285584281472707	3.39939157369898	4.86318229596121	0.000110503586439228	0.00619941207952165	1.23671778291809
6496	-0.148762138929491	3.1219298082637	-4.86268994568579	0.000110625188336236	0.00619941207952165	1.23564337654003
10743	0.426334816551934	2.7286695488226	4.85750850815753	0.000111913190429781	0.00625499993177246	1.22433541707939
5471	0.470754019393689	2.74330715808721	4.84747774567634	0.000114450123084738	0.00637991490873686	1.20243898362225
18493	0.437753013803837	2.06802753414998	4.84398072492141	0.000115348248627262	0.00641305907565305	1.19480360269007
10274	-0.174843628012496	2.76730738041523	-4.83844406091852	0.000116784878565267	0.00647589010353909	1.18271315649104
13626	0.221892352544024	3.2682258980137	4.83276758442004	0.000118276668327675	0.00654144285800731	1.17031522957821
15538	-0.366295441995332	2.73060770118741	-4.82732926431545	0.000119724030929504	0.00660420261474575	1.15843540939867
20759	-0.120342585589387	3.2873185462652	-4.82311702215408	0.000120857440658075	0.00663799623808303	1.14923254514884
7908	0.296827084753732	2.30784024191812	4.8223474551346	0.000121065686789365	0.00663799623808303	1.1475510743743
1648	0.165610842628524	2.23127744790755	4.82071738003812	0.000121507992519511	0.00663799623808303	1.14398929979137
12636	0.460851135430103	1.99613900892161	4.82040317734793	0.000121593437030252	0.00663799623808303	1.14330273485698
16523	0.553549087205861	2.39338110456469	4.81625299997986	0.000122727784005189	0.0066826543625712	1.13423355691675
12353	0.917050370054654	2.60232669723217	4.81432883093332	0.000123257349091646	0.00669423654051208	1.13002837704105
1057	-0.398511878954155	2.649122228498	-4.80973654340402	0.00012453062758327	0.00674312856047972	1.11999116195387
13959	-0.495859829158908	2.66837181582434	-4.80878575102123	0.000124795913624631	0.00674312856047972	1.11791287197571
5011	-0.0906184189356837	3.01135527004336	-4.80201407696254	0.00012670199471683	0.00681392455346595	1.10310929112161
6837	0.386871930627713	2.23090538263313	4.80184068210626	0.000126751188030109	0.00681392455346595	1.10273019267444
6100	-0.360210529381456	2.89008594430533	-4.79874675928901	0.000127632223596034	0.00682596582101726	1.09596552642053
10192	-0.534435073894601	2.26831992950905	-4.79850367526692	0.000127701707969474	0.00682596582101726	1.0954340122682
5397	0.23228505828524	3.0516896727164	4.79681416731567	0.000128185708112545	0.00682596582101726	1.09173972133772
15763	0.634546450315271	2.47477112582218	4.79618890125314	0.000128365302542645	0.00682596582101726	1.09037246297901
17039	-0.574948152594479	2.67411993036875	-4.7954056431892	0.000128590637419646	0.00682596582101726	1.08865969062628
19836	-0.277112288013496	2.65607972476713	-4.79144292380842	0.000129736841298244	0.00686954948899249	1.07999369488335
15174	-0.134782301815952	3.19152416190575	-4.78748930695507	0.00013089075282207	0.00691332233717966	1.07134660031594
10344	-0.583115691662689	2.01607951591889	-4.78264969406312	0.0001323174509448	0.00695983359194743	1.06076035405858
10654	0.362535273066139	2.48606144672747	4.78226944825015	0.000132430212711832	0.00695983359194743	1.0599285352163
10066	-0.406394613124551	2.96420774636426	-4.77602991986916	0.000134294542168428	0.00704029973298356	1.04627774992385
18432	-0.466328095952394	2.91979415100129	-4.76776566532157	0.00013680493784927	0.00714171009125044	1.02819352213606
7005	-0.104621743055145	3.26790375361329	-4.76743935748712	0.000136905030858921	0.00714171009125044	1.02747939266686
16712	-0.419399114009987	2.7757210592836	-4.76125770005344	0.00013881532525955	0.00722352555851852	1.0139494990087
17518	0.186286098148129	2.14933942527366	4.75077980033315	0.000142115284827923	0.00737707523970401	0.991010988185379
12422	-0.130296066390281	2.91602761869992	-4.74632803113842	0.0001435413424276	0.00741331638777494	0.98126302989302
978	0.498304631123677	2.72057637372659	4.74607200907073	0.000143623795504082	0.00741331638777494	0.98070238664015
16127	0.491921314942577	2.74403866812823	4.74532040889416	0.000143866129549284	0.00741331638777494	0.979056491788173
13010	0.162169275415251	3.31724750160728	4.74314913395431	0.000144568534421545	0.00743138546648172	0.974301525404884
16071	-0.479461682444242	2.69542328738324	-4.73433202522783	0.000147456803061173	0.00755247491876445	0.954989673748162
7339	0.721524943311862	2.17520276356894	4.7337812899557	0.000147639141451684	0.00755247491876445	0.953783261404895
11471	-0.246559023820417	2.81860336390047	-4.72828808763501	0.000149470408926297	0.00761174298505619	0.941749156595961
6773	-0.261011883110715	3.03343981129993	-4.72812168032516	0.000149526242317873	0.00761174298505619	0.941384575995944
11526	-0.580148416359316	2.56087983989612	-4.72697967444435	0.00014990998226235	0.00761174298505619	0.938882519632458
11813	0.26679956193661	2.979607552819	4.72600323521333	0.000150238880331729	0.00761174298505619	0.9367431479296
3090	0.644742347937114	2.68678152947793	4.71716094001349	0.000153250801289369	0.00774576478191507	0.917367215220374
3650	0.60969539324267	2.51949067522951	4.71064063826258	0.000155510966594896	0.00784124150656414	0.903076529958627
13534	-0.817182815624743	1.57864534769286	-4.69784741989219	0.000160044287004302	0.00805060869414258	0.875030343915699
11165	0.10336316450183	3.22934279373125	4.69632292841932	0.000160593358652316	0.00805904011460207	0.871687634672203
11134	-0.358429148860191	2.30467826311282	-4.69412507867449	0.000161388315879388	0.00807974158669152	0.866868244297909
5420	-0.154165445175007	1.70568241824106	-4.68856418738814	0.000163417545552097	0.00816199169002161	0.854673266184514
19090	0.23859214613015	2.00535866734798	4.68482954700074	0.000164794860267009	0.00819313709294883	0.84648228350717
14072	-0.305524238991892	1.69103029703656	-4.68477047517226	0.000164816739930102	0.00819313709294883	0.846352718366713
6403	-0.266037997012775	2.72085651024617	-4.68365526461115	0.000165230356812482	0.008194417249712	0.843906636608167
15361	0.0956208198882601	3.15676934711767	4.67615967002567	0.000168037816788791	0.00831413338477	0.82746419028891
7156	0.213221139634467	2.68074435590025	4.6719159025603	0.000169648703273264	0.00837422465900525	0.81815365832102
7164	0.203083198159738	2.95016982066344	4.66492262461055	0.000172337503167783	0.0084871198821113	0.802808798211133
20443	0.293606845675416	2.85973728079022	4.65896450979948	0.000174662357598836	0.00856613644353052	0.789733290429012
20864	0.394556579756057	1.88106286249052	4.6587340629887	0.00017475291367263	0.00856613644353052	0.789227521186373
17881	0.418627997339218	1.74885036788571	4.63936275443902	0.000182537672840929	0.0089044200238753	0.746702897817905
15327	0.326313244744862	2.19896043378851	4.63910149844086	0.000182645031592776	0.0089044200238753	0.746129248500578
10608	0.201418244119881	3.42946324869537	4.63744205364944	0.000183328447838016	0.0089044200238753	0.74248546518908
20047	0.169287275253166	2.80156706324916	4.63741422561274	0.000183339930439048	0.0089044200238753	0.742424359639187
17621	-0.290875244341467	2.15446502028049	-4.63100496320016	0.000186004071190302	0.0089950854726305	0.728349701714675
2430	0.230006926819835	2.92148232635321	4.63087562288859	0.00018605823597953	0.0089950854726305	0.728065651080512
8861	-0.155830432796292	3.09345883874	-4.62666984833067	0.000187828253876192	0.00905992584393222	0.718828693326129
10556	0.248271641685482	2.94165227148453	4.62432907115692	0.000188820758863924	0.00908128353532494	0.713687371700148
6340	-0.225951924559725	3.20860827818493	-4.62360059174544	0.000189130721614189	0.00908128353532494	0.712087272954428
6516	0.374230382307233	1.85894631146391	4.61245154121938	0.000193939386876744	0.00927514204200163	0.68759528037855
13443	0.166334112875233	2.91427267662734	4.61218685051584	0.000194055042576426	0.00927514204200163	0.68701374119539
10848	-0.242912050904129	2.69644448506931	-4.61120388527609	0.000194485157599599	0.00927514204200163	0.684854086527641
8158	0.255837852010212	2.95986438416896	4.60809420024766	0.000195852228284724	0.00930109662079209	0.678021553932296
11731	0.775101205581082	1.52075826578625	4.60796354714996	0.000195909878177331	0.00930109662079209	0.677734475779693
4313	0.211758348970149	2.72046792922842	4.60623105557497	0.000196675956459515	0.00931653123793763	0.673927674316754
18429	-0.401057309317189	2.78048117377641	-4.60277281858147	0.00019821421383749	0.00936839305535718	0.666328473949146
16439	-0.158353450111647	2.80678418010944	-4.60169782592421	0.000198694858887273	0.009370147954713	0.66396614948334
13064	0.173503113141745	3.27210523079221	4.59219683142436	0.000202994537922808	0.00953790459207739	0.643085144494285
11469	0.315190665923721	3.17359127880237	4.59184607159788	0.000203155065387174	0.00953790459207739	0.642314175717861
2443	1.37288310843361	2.74305240860203	4.58945462667276	0.000204252956058553	0.00954807168925321	0.637057639847573
18462	0.354239844605694	2.17889925538538	4.58940566626399	0.000204275495978722	0.00954807168925321	0.636950019296349
18410	0.344112252256873	2.54144974333348	4.58717969770125	0.000205302930204391	0.00957491171396947	0.632056972658556
2211	0.198013877422092	3.2540680380733	4.58042198894484	0.000208454230304321	0.00968850964212233	0.617201050508522
12093	-0.599726857008072	2.13632158363158	-4.5782754361837	0.000209465437821565	0.00968850964212233	0.612481715141088
13537	0.0912258307698361	3.34192063664226	4.57697345552496	0.0002100811984096	0.00968850964212233	0.609619127178704
8820	0.531902053724483	2.81983363348568	4.57696277564872	0.000210086256934696	0.00968850964212233	0.609595645657101
79	-0.254432039773692	2.23853925999774	-4.57614884285122	0.000210472139309495	0.00968850964212233	0.607806061427437
3967	0.22907566209692	2.70242180648359	4.57611083769185	0.000210490174929434	0.00968850964212233	0.607722499230594
3104	-0.385704142921616	2.27144714015579	-4.57319043805059	0.000211880760413498	0.00973131483751298	0.601301207913142
3267	-0.458798733511725	2.89559905629244	-4.56890414312245	0.000213938592214652	0.00980451331392399	0.591875952446482
10153	0.356596907116706	3.33813815767563	4.56572132967096	0.000215479724487849	0.00985376653518353	0.584876660278808
